1,3.0,65.6,446.8,62.1,204.0,-1,-1,-1,-1
1,2.0,-2.0,530.5,63.0,191.8,-1,-1,-1,-1
1,1.0,813.9,405.2,145.4,160.7,-1,-1,-1,-1
2,3.0,93.6,449.2,53.7,200.9,-1,-1,-1,-1
2,2.0,19.4,531.5,61.8,193.4,-1,-1,-1,-1
2,1.0,816.5,407.5,138.7,159.9,-1,-1,-1,-1
3,3.0,111.1,451.4,55.2,197.5,-1,-1,-1,-1
3,2.0,41.1,532.5,60.8,192.0,-1,-1,-1,-1
3,1.0,814.2,411.4,133.4,158.1,-1,-1,-1,-1
4,3.0,135.4,453.9,49.9,194.1,-1,-1,-1,-1
4,2.0,63.9,532.9,58.4,193.7,-1,-1,-1,-1
4,1.0,822.9,414.8,115.1,156.1,-1,-1,-1,-1
5,3.0,155.8,456.0,48.8,190.8,-1,-1,-1,-1
5,2.0,86.9,533.9,55.6,195.7,-1,-1,-1,-1
5,1.0,834.0,419.7,90.4,153.0,-1,-1,-1,-1
6,3.0,175.6,457.6,48.2,187.6,-1,-1,-1,-1
6,2.0,107.9,534.1,54.7,189.9,-1,-1,-1,-1
6,1.0,842.7,426.2,66.8,147.5,-1,-1,-1,-1
7,3.0,194.8,459.8,47.5,184.6,-1,-1,-1,-1
7,2.0,128.0,534.4,53.3,189.1,-1,-1,-1,-1
7,1.0,841.3,432.6,68.2,142.2,-1,-1,-1,-1
8,3.0,213.5,460.9,45.9,181.7,-1,-1,-1,-1
8,2.0,147.5,534.4,53.5,187.5,-1,-1,-1,-1
8,1.0,832.8,436.5,88.6,138.8,-1,-1,-1,-1
9,3.0,231.4,462.5,43.7,178.6,-1,-1,-1,-1
9,2.0,166.2,534.4,53.1,187.3,-1,-1,-1,-1
9,1.0,813.6,437.7,111.6,137.9,-1,-1,-1,-1
10,3.0,248.3,462.8,44.0,175.6,-1,-1,-1,-1
10,2.0,185.1,533.6,51.8,184.0,-1,-1,-1,-1
10,1.0,799.8,436.4,126.4,139.2,-1,-1,-1,-1
11,3.0,263.7,462.9,43.1,173.4,-1,-1,-1,-1
11,2.0,202.4,532.2,50.3,182.4,-1,-1,-1,-1
11,1.0,789.3,436.2,135.0,137.6,-1,-1,-1,-1
12,3.0,279.2,462.8,41.2,170.1,-1,-1,-1,-1
12,2.0,217.9,530.7,49.6,179.5,-1,-1,-1,-1
12,1.0,786.9,424.9,130.9,147.0,-1,-1,-1,-1
13,3.0,293.9,461.6,41.0,168.3,-1,-1,-1,-1
13,2.0,234.2,528.8,48.6,176.9,-1,-1,-1,-1
13,1.0,790.5,436.7,115.3,136.8,-1,-1,-1,-1
14,4.0,39.4,519.4,70.6,172.3,-1,-1,-1,-1
14,3.0,308.8,460.2,39.5,165.7,-1,-1,-1,-1
14,2.0,250.4,526.4,46.5,173.9,-1,-1,-1,-1
14,1.0,795.5,437.9,93.2,132.9,-1,-1,-1,-1
15,4.0,62.2,516.2,68.2,169.2,-1,-1,-1,-1
15,3.0,324.5,457.9,39.0,163.1,-1,-1,-1,-1
15,2.0,266.7,523.1,46.2,171.2,-1,-1,-1,-1
15,1.0,803.1,438.6,69.3,129.5,-1,-1,-1,-1
16,4.0,86.7,512.6,64.5,167.1,-1,-1,-1,-1
16,3.0,339.3,456.1,39.0,160.1,-1,-1,-1,-1
16,2.0,283.0,519.8,45.8,169.1,-1,-1,-1,-1
16,1.0,810.2,437.8,45.2,130.4,-1,-1,-1,-1
17,4.0,108.9,509.3,61.8,165.6,-1,-1,-1,-1
17,3.0,354.5,454.0,39.4,158.1,-1,-1,-1,-1
17,2.0,298.8,516.6,45.6,166.5,-1,-1,-1,-1
17,1.0,797.3,435.8,56.4,130.9,-1,-1,-1,-1
18,6.0,57.9,516.8,47.2,182.0,-1,-1,-1,-1
18,5.0,64.6,462.3,43.9,165.1,-1,-1,-1,-1
18,4.0,132.7,505.8,58.3,163.2,-1,-1,-1,-1
18,3.0,370.1,450.8,39.3,156.4,-1,-1,-1,-1
18,2.0,315.1,512.5,45.3,164.8,-1,-1,-1,-1
18,1.0,778.5,433.0,76.3,132.0,-1,-1,-1,-1
19,6.0,78.8,512.4,46.9,178.2,-1,-1,-1,-1
19,5.0,88.2,458.8,39.6,164.1,-1,-1,-1,-1
19,4.0,153.1,502.0,57.8,161.4,-1,-1,-1,-1
19,3.0,386.7,448.0,37.3,153.8,-1,-1,-1,-1
19,2.0,330.9,508.6,45.7,162.5,-1,-1,-1,-1
19,1.0,776.5,430.0,86.6,130.1,-1,-1,-1,-1
20,6.0,100.0,507.2,46.4,175.2,-1,-1,-1,-1
20,5.0,108.4,453.8,38.8,161.3,-1,-1,-1,-1
20,4.0,172.0,497.2,57.4,160.8,-1,-1,-1,-1
20,3.0,401.3,444.5,37.9,151.1,-1,-1,-1,-1
20,2.0,347.6,504.2,44.4,159.5,-1,-1,-1,-1
20,1.0,784.0,417.7,86.0,139.6,-1,-1,-1,-1
21,6.0,120.3,502.0,45.7,171.7,-1,-1,-1,-1
21,5.0,129.0,449.5,38.6,158.0,-1,-1,-1,-1
21,4.0,190.6,492.5,56.7,158.9,-1,-1,-1,-1
21,3.0,416.5,440.4,37.6,149.6,-1,-1,-1,-1
21,2.0,364.5,499.3,42.6,157.5,-1,-1,-1,-1
21,1.0,793.5,392.1,78.7,159.9,-1,-1,-1,-1
22,6.0,140.2,495.0,45.1,170.0,-1,-1,-1,-1
22,5.0,148.8,444.1,37.7,154.9,-1,-1,-1,-1
22,4.0,208.5,487.5,56.7,156.8,-1,-1,-1,-1
22,3.0,431.7,435.7,36.0,147.2,-1,-1,-1,-1
22,2.0,380.7,493.3,41.4,154.8,-1,-1,-1,-1
22,1.0,803.1,372.6,68.8,174.4,-1,-1,-1,-1
23,6.0,160.7,488.3,45.8,167.3,-1,-1,-1,-1
23,5.0,166.9,437.4,39.3,154.3,-1,-1,-1,-1
23,4.0,226.1,481.3,55.8,154.2,-1,-1,-1,-1
23,3.0,446.0,429.6,36.9,146.0,-1,-1,-1,-1
23,2.0,396.0,487.0,40.9,152.3,-1,-1,-1,-1
23,1.0,813.6,357.4,59.5,180.5,-1,-1,-1,-1
24,6.0,179.9,480.6,45.3,164.4,-1,-1,-1,-1
24,5.0,187.2,430.9,38.5,151.7,-1,-1,-1,-1
24,4.0,243.9,474.9,55.5,153.1,-1,-1,-1,-1
24,3.0,461.8,424.1,35.7,143.2,-1,-1,-1,-1
24,2.0,410.8,479.9,41.9,150.9,-1,-1,-1,-1
24,1.0,815.5,348.8,57.1,173.9,-1,-1,-1,-1
25,6.0,201.5,471.9,43.2,162.6,-1,-1,-1,-1
25,5.0,207.1,423.3,39.8,149.5,-1,-1,-1,-1
25,4.0,262.3,467.7,55.6,151.3,-1,-1,-1,-1
25,3.0,477.1,417.7,35.6,141.3,-1,-1,-1,-1
25,2.0,428.3,472.7,41.1,148.5,-1,-1,-1,-1
25,1.0,811.5,341.7,61.4,159.6,-1,-1,-1,-1
26,6.0,221.7,462.6,46.1,160.8,-1,-1,-1,-1
26,5.0,226.9,414.3,41.5,148.5,-1,-1,-1,-1
26,4.0,282.2,460.2,54.2,152.5,-1,-1,-1,-1
26,3.0,493.9,410.3,36.6,139.6,-1,-1,-1,-1
26,2.0,445.6,463.5,42.9,147.8,-1,-1,-1,-1
26,1.0,814.9,342.5,66.4,137.5,-1,-1,-1,-1
27,6.0,243.7,452.3,46.2,159.5,-1,-1,-1,-1
27,5.0,249.5,406.4,41.1,145.4,-1,-1,-1,-1
27,4.0,303.0,452.2,53.7,146.0,-1,-1,-1,-1
27,3.0,512.4,402.8,36.0,137.7,-1,-1,-1,-1
27,2.0,465.2,455.0,42.5,146.0,-1,-1,-1,-1
27,1.0,814.2,344.0,78.7,110.9,-1,-1,-1,-1
28,6.0,267.5,443.5,45.4,157.2,-1,-1,-1,-1
28,5.0,273.3,398.5,40.7,142.5,-1,-1,-1,-1
28,4.0,324.2,444.7,52.0,144.5,-1,-1,-1,-1
28,3.0,527.9,395.0,38.6,136.8,-1,-1,-1,-1
28,2.0,483.5,447.1,42.3,143.3,-1,-1,-1,-1
28,1.0,825.1,341.6,76.3,96.8,-1,-1,-1,-1
29,6.0,289.8,435.1,45.1,154.6,-1,-1,-1,-1
29,5.0,295.0,390.8,40.0,142.2,-1,-1,-1,-1
29,4.0,343.3,437.7,53.1,141.9,-1,-1,-1,-1
29,3.0,549.3,387.8,34.8,134.2,-1,-1,-1,-1
29,2.0,500.8,439.0,43.7,141.7,-1,-1,-1,-1
29,1.0,834.6,334.3,73.1,98.8,-1,-1,-1,-1
30,6.0,309.7,427.4,46.1,152.4,-1,-1,-1,-1
30,5.0,317.2,383.4,38.7,139.0,-1,-1,-1,-1
30,4.0,363.3,430.0,54.1,140.4,-1,-1,-1,-1
30,3.0,567.4,381.1,34.6,133.2,-1,-1,-1,-1
30,2.0,518.5,431.7,44.5,140.6,-1,-1,-1,-1
31,6.0,331.2,419.8,43.5,151.4,-1,-1,-1,-1
31,5.0,340.3,376.1,36.5,137.9,-1,-1,-1,-1
31,4.0,383.3,423.1,53.1,139.5,-1,-1,-1,-1
31,3.0,586.0,374.8,35.4,132.6,-1,-1,-1,-1
31,2.0,538.0,424.8,45.7,139.3,-1,-1,-1,-1
32,7.0,40.6,371.3,63.1,121.1,-1,-1,-1,-1
32,6.0,352.4,413.4,45.1,150.6,-1,-1,-1,-1
32,5.0,360.2,368.8,37.6,138.0,-1,-1,-1,-1
32,4.0,401.9,416.9,55.5,138.2,-1,-1,-1,-1
32,3.0,606.2,368.3,36.3,132.2,-1,-1,-1,-1
32,2.0,556.8,417.9,47.2,139.7,-1,-1,-1,-1
33,7.0,62.3,363.7,66.8,120.4,-1,-1,-1,-1
33,6.0,376.8,405.9,42.3,150.8,-1,-1,-1,-1
33,5.0,385.7,362.7,35.8,137.6,-1,-1,-1,-1
33,4.0,422.3,409.4,57.5,138.4,-1,-1,-1,-1
33,3.0,626.5,362.4,39.5,132.6,-1,-1,-1,-1
33,2.0,576.5,411.5,50.6,138.8,-1,-1,-1,-1
33,1.0,892.8,282.4,46.0,146.6,-1,-1,-1,-1
34,8.0,67.9,354.4,67.2,118.9,-1,-1,-1,-1
34,7.0,87.4,357.1,68.3,118.8,-1,-1,-1,-1
34,6.0,400.3,400.5,43.8,149.2,-1,-1,-1,-1
34,5.0,406.6,356.1,39.0,136.9,-1,-1,-1,-1
34,4.0,444.4,404.2,58.5,137.1,-1,-1,-1,-1
34,3.0,652.7,357.0,36.6,132.4,-1,-1,-1,-1
34,2.0,600.7,405.3,50.3,139.0,-1,-1,-1,-1
34,1.0,898.2,297.2,55.6,127.9,-1,-1,-1,-1
35,8.0,97.1,347.6,61.6,119.1,-1,-1,-1,-1
35,7.0,117.9,350.5,65.7,113.1,-1,-1,-1,-1
35,6.0,427.2,392.8,44.2,150.4,-1,-1,-1,-1
35,5.0,431.9,351.4,39.6,137.5,-1,-1,-1,-1
35,4.0,470.5,398.1,56.7,136.5,-1,-1,-1,-1
35,3.0,678.4,352.4,36.7,131.9,-1,-1,-1,-1
35,2.0,623.9,398.5,54.0,139.3,-1,-1,-1,-1
35,1.0,919.4,320.2,56.1,105.5,-1,-1,-1,-1
36,8.0,128.4,340.1,63.5,118.7,-1,-1,-1,-1
36,7.0,138.9,345.4,74.0,115.0,-1,-1,-1,-1
36,6.0,456.9,389.1,42.9,148.0,-1,-1,-1,-1
36,5.0,457.8,346.2,42.0,138.8,-1,-1,-1,-1
36,4.0,497.8,392.7,56.2,136.3,-1,-1,-1,-1
36,3.0,706.3,347.7,37.2,131.8,-1,-1,-1,-1
36,2.0,651.3,392.5,55.4,140.7,-1,-1,-1,-1
36,1.0,930.5,320.3,69.0,106.6,-1,-1,-1,-1
37,8.0,161.0,334.4,62.2,119.0,-1,-1,-1,-1
37,7.0,170.3,341.8,73.5,110.6,-1,-1,-1,-1
37,6.0,485.0,380.6,43.7,151.2,-1,-1,-1,-1
37,5.0,487.7,341.3,42.1,137.9,-1,-1,-1,-1
37,4.0,525.3,388.7,56.1,135.4,-1,-1,-1,-1
37,3.0,734.5,343.7,38.6,132.2,-1,-1,-1,-1
37,2.0,680.5,387.1,56.1,151.0,-1,-1,-1,-1
37,1.0,953.6,321.7,71.8,110.2,-1,-1,-1,-1
38,10.0,1185.7,499.7,61.7,177.6,-1,-1,-1,-1
38,9.0,88.1,468.7,123.1,155.5,-1,-1,-1,-1
38,8.0,194.4,329.5,60.5,115.4,-1,-1,-1,-1
38,7.0,200.8,336.3,75.3,109.5,-1,-1,-1,-1
38,6.0,514.1,347.1,44.3,181.5,-1,-1,-1,-1
38,5.0,519.7,338.0,41.4,137.5,-1,-1,-1,-1
38,4.0,554.1,384.9,55.3,142.8,-1,-1,-1,-1
38,3.0,765.0,340.6,40.1,132.0,-1,-1,-1,-1
38,2.0,709.9,382.5,58.2,151.6,-1,-1,-1,-1
38,1.0,976.8,325.1,78.2,113.7,-1,-1,-1,-1
39,10.0,1218.5,499.7,62.1,180.6,-1,-1,-1,-1
39,9.0,131.5,461.6,136.3,152.6,-1,-1,-1,-1
39,8.0,227.8,324.3,58.2,115.4,-1,-1,-1,-1
39,7.0,233.6,333.6,74.1,108.2,-1,-1,-1,-1
39,6.0,547.2,373.4,41.8,150.3,-1,-1,-1,-1
39,5.0,548.0,332.7,43.3,145.0,-1,-1,-1,-1
39,4.0,583.1,381.9,54.1,136.7,-1,-1,-1,-1
39,3.0,795.0,338.1,41.5,131.9,-1,-1,-1,-1
39,2.0,747.9,377.9,49.9,149.9,-1,-1,-1,-1
39,1.0,1004.3,325.6,79.2,121.7,-1,-1,-1,-1
40,11.0,97.6,356.4,60.3,108.5,-1,-1,-1,-1
40,9.0,175.9,455.5,131.6,153.6,-1,-1,-1,-1
40,8.0,258.9,319.0,60.7,115.7,-1,-1,-1,-1
40,7.0,261.8,328.3,77.4,109.8,-1,-1,-1,-1
40,6.0,575.8,360.9,43.0,158.8,-1,-1,-1,-1
40,5.0,574.8,329.8,45.4,161.0,-1,-1,-1,-1
40,4.0,608.9,378.7,55.8,139.6,-1,-1,-1,-1
40,3.0,824.6,335.0,41.4,132.8,-1,-1,-1,-1
40,2.0,778.4,372.9,49.1,156.8,-1,-1,-1,-1
40,1.0,1028.9,332.6,78.9,123.4,-1,-1,-1,-1
41,11.0,131.1,351.2,60.4,107.0,-1,-1,-1,-1
41,9.0,226.8,449.2,119.8,149.9,-1,-1,-1,-1
41,8.0,290.4,313.7,60.6,119.2,-1,-1,-1,-1
41,7.0,292.7,321.7,77.3,113.9,-1,-1,-1,-1
41,6.0,605.7,366.6,42.8,148.8,-1,-1,-1,-1
41,5.0,610.0,325.8,42.4,141.0,-1,-1,-1,-1
41,4.0,638.8,376.8,54.0,140.1,-1,-1,-1,-1
41,3.0,855.4,331.4,42.7,132.7,-1,-1,-1,-1
41,2.0,809.7,368.0,47.7,148.2,-1,-1,-1,-1
41,1.0,1057.8,321.7,73.9,132.7,-1,-1,-1,-1
42,13.0,78.6,451.7,76.0,149.4,-1,-1,-1,-1
42,12.0,104.2,408.7,69.3,116.9,-1,-1,-1,-1
42,11.0,164.7,346.5,59.2,105.3,-1,-1,-1,-1
42,9.0,282.0,444.2,96.2,163.2,-1,-1,-1,-1
42,7.0,319.6,315.9,81.5,117.8,-1,-1,-1,-1
42,6.0,635.1,346.5,43.1,166.0,-1,-1,-1,-1
42,5.0,638.7,321.2,41.9,139.6,-1,-1,-1,-1
42,4.0,669.0,374.9,51.3,140.2,-1,-1,-1,-1
42,3.0,886.4,328.6,43.9,133.4,-1,-1,-1,-1
42,2.0,840.0,364.3,47.3,141.3,-1,-1,-1,-1
42,1.0,1080.3,349.0,74.1,103.0,-1,-1,-1,-1
43,13.0,113.1,442.8,73.3,141.7,-1,-1,-1,-1
43,12.0,137.8,406.0,71.9,113.5,-1,-1,-1,-1
43,11.0,196.9,341.6,55.8,104.3,-1,-1,-1,-1
43,9.0,341.1,439.2,69.5,146.5,-1,-1,-1,-1
43,7.0,346.0,315.9,84.4,117.2,-1,-1,-1,-1
43,6.0,665.1,359.5,41.5,147.8,-1,-1,-1,-1
43,5.0,668.1,317.9,41.5,140.3,-1,-1,-1,-1
43,4.0,696.0,372.3,50.5,140.8,-1,-1,-1,-1
43,3.0,917.0,326.0,45.7,134.3,-1,-1,-1,-1
43,2.0,869.7,360.5,46.8,140.1,-1,-1,-1,-1
43,1.0,1108.1,357.5,73.1,93.4,-1,-1,-1,-1
44,13.0,144.2,437.5,71.3,138.1,-1,-1,-1,-1
44,12.0,169.0,404.1,70.9,103.1,-1,-1,-1,-1
44,11.0,225.6,336.7,54.9,104.8,-1,-1,-1,-1
44,9.0,382.3,434.5,70.8,150.2,-1,-1,-1,-1
44,7.0,372.3,308.8,86.7,118.8,-1,-1,-1,-1
44,6.0,691.7,348.7,41.5,155.2,-1,-1,-1,-1
44,5.0,698.4,314.2,38.9,137.8,-1,-1,-1,-1
44,4.0,723.8,371.0,48.1,139.4,-1,-1,-1,-1
44,3.0,945.0,324.2,47.6,135.1,-1,-1,-1,-1
44,2.0,896.7,356.8,48.3,136.6,-1,-1,-1,-1
44,1.0,1139.0,365.4,66.4,86.0,-1,-1,-1,-1
45,13.0,171.3,432.3,67.8,136.9,-1,-1,-1,-1
45,12.0,194.6,403.2,72.6,104.7,-1,-1,-1,-1
45,11.0,251.9,332.1,53.5,105.3,-1,-1,-1,-1
45,9.0,418.6,430.6,70.6,143.2,-1,-1,-1,-1
45,7.0,396.5,310.1,89.4,114.1,-1,-1,-1,-1
45,6.0,717.1,352.1,39.6,148.9,-1,-1,-1,-1
45,5.0,724.3,312.7,37.1,135.5,-1,-1,-1,-1
45,4.0,748.8,369.5,43.4,140.2,-1,-1,-1,-1
45,3.0,970.3,323.0,49.9,136.3,-1,-1,-1,-1
45,2.0,921.0,354.4,47.4,136.5,-1,-1,-1,-1
45,1.0,1166.7,372.9,64.1,84.0,-1,-1,-1,-1
46,13.0,196.9,424.4,62.4,139.5,-1,-1,-1,-1
46,12.0,218.1,402.3,70.2,105.3,-1,-1,-1,-1
46,11.0,272.9,328.0,53.3,104.4,-1,-1,-1,-1
46,9.0,452.0,425.3,85.9,147.1,-1,-1,-1,-1
46,7.0,416.2,308.1,85.8,112.0,-1,-1,-1,-1
46,6.0,739.5,351.6,39.6,147.8,-1,-1,-1,-1
46,5.0,746.6,311.3,36.0,135.1,-1,-1,-1,-1
46,4.0,771.7,368.3,38.5,141.2,-1,-1,-1,-1
46,3.0,994.7,322.5,50.3,137.0,-1,-1,-1,-1
46,2.0,941.5,352.7,47.5,136.6,-1,-1,-1,-1
46,1.0,1191.9,379.4,58.7,74.2,-1,-1,-1,-1
47,13.0,218.9,421.2,63.1,125.4,-1,-1,-1,-1
47,12.0,239.5,401.3,65.4,99.8,-1,-1,-1,-1
47,11.0,291.9,324.0,49.9,105.8,-1,-1,-1,-1
47,9.0,477.2,421.8,99.0,146.6,-1,-1,-1,-1
47,7.0,433.9,307.0,82.6,110.6,-1,-1,-1,-1
47,6.0,759.5,350.6,37.3,147.7,-1,-1,-1,-1
47,5.0,766.8,310.1,35.2,134.3,-1,-1,-1,-1
47,4.0,790.1,367.4,37.6,139.4,-1,-1,-1,-1
47,3.0,1015.2,323.1,51.9,136.4,-1,-1,-1,-1
47,2.0,958.2,351.1,49.7,137.1,-1,-1,-1,-1
47,1.0,1212.0,384.3,59.3,68.8,-1,-1,-1,-1
48,13.0,238.0,412.9,58.7,130.8,-1,-1,-1,-1
48,12.0,256.1,400.1,60.9,109.3,-1,-1,-1,-1
48,11.0,307.9,320.0,54.5,107.1,-1,-1,-1,-1
48,9.0,501.5,420.3,97.1,148.2,-1,-1,-1,-1
48,7.0,448.8,305.0,76.2,110.0,-1,-1,-1,-1
48,6.0,777.0,349.4,36.5,146.5,-1,-1,-1,-1
48,5.0,785.1,307.9,35.2,133.0,-1,-1,-1,-1
48,4.0,807.2,366.5,37.4,139.1,-1,-1,-1,-1
48,3.0,1034.4,323.7,53.0,135.7,-1,-1,-1,-1
48,2.0,971.4,349.9,52.6,137.6,-1,-1,-1,-1
48,1.0,1228.9,385.9,52.5,66.3,-1,-1,-1,-1
49,13.0,255.8,399.6,71.2,141.2,-1,-1,-1,-1
49,11.0,320.9,315.7,45.8,110.7,-1,-1,-1,-1
49,9.0,532.3,419.1,83.4,144.9,-1,-1,-1,-1
49,8.0,480.3,284.2,50.3,109.0,-1,-1,-1,-1
49,7.0,460.9,304.7,72.5,108.5,-1,-1,-1,-1
49,6.0,792.4,347.5,35.4,147.2,-1,-1,-1,-1
49,5.0,799.5,306.5,35.3,133.3,-1,-1,-1,-1
49,4.0,821.4,365.8,37.9,138.3,-1,-1,-1,-1
49,3.0,1051.3,324.2,54.4,134.8,-1,-1,-1,-1
49,2.0,984.9,349.0,53.5,136.7,-1,-1,-1,-1
50,13.0,270.4,396.2,62.9,142.3,-1,-1,-1,-1
50,11.0,329.4,310.9,47.3,113.0,-1,-1,-1,-1
50,9.0,556.5,417.7,71.7,143.8,-1,-1,-1,-1
50,8.0,492.9,283.2,46.3,110.2,-1,-1,-1,-1
50,7.0,470.4,303.1,70.1,107.8,-1,-1,-1,-1
50,6.0,806.4,347.4,34.0,146.3,-1,-1,-1,-1
50,5.0,813.5,306.0,34.3,133.4,-1,-1,-1,-1
50,4.0,833.5,365.1,37.3,138.6,-1,-1,-1,-1
50,3.0,1066.0,325.1,54.4,133.5,-1,-1,-1,-1
50,2.0,998.8,348.1,52.0,136.2,-1,-1,-1,-1
51,13.0,282.5,394.9,57.2,141.3,-1,-1,-1,-1
51,11.0,338.2,306.0,46.5,115.3,-1,-1,-1,-1
51,9.0,577.2,415.2,62.8,142.9,-1,-1,-1,-1
51,8.0,505.3,282.2,41.1,109.3,-1,-1,-1,-1
51,7.0,480.0,302.5,65.2,106.6,-1,-1,-1,-1
51,6.0,819.7,346.8,32.9,145.8,-1,-1,-1,-1
51,5.0,826.6,305.1,32.4,138.1,-1,-1,-1,-1
51,4.0,842.3,363.2,36.4,140.0,-1,-1,-1,-1
51,3.0,1078.8,325.2,54.3,133.1,-1,-1,-1,-1
51,2.0,1011.5,347.1,49.4,136.1,-1,-1,-1,-1
52,13.0,290.4,394.6,62.7,140.4,-1,-1,-1,-1
52,11.0,346.2,302.2,50.0,118.0,-1,-1,-1,-1
52,9.0,595.5,413.5,61.9,147.1,-1,-1,-1,-1
52,8.0,516.7,280.4,40.4,110.6,-1,-1,-1,-1
52,7.0,488.8,299.0,67.3,109.4,-1,-1,-1,-1
52,6.0,830.6,346.0,32.7,146.1,-1,-1,-1,-1
52,5.0,838.9,304.2,32.5,138.1,-1,-1,-1,-1
52,4.0,852.6,362.6,35.0,139.7,-1,-1,-1,-1
52,3.0,1090.8,325.5,55.1,133.2,-1,-1,-1,-1
52,2.0,1024.0,346.5,48.1,134.6,-1,-1,-1,-1
53,13.0,299.5,393.9,66.2,139.4,-1,-1,-1,-1
53,11.0,353.7,298.7,53.8,122.0,-1,-1,-1,-1
53,9.0,613.1,413.1,66.3,142.4,-1,-1,-1,-1
53,8.0,527.2,279.1,40.7,108.2,-1,-1,-1,-1
53,7.0,498.9,297.2,68.2,114.5,-1,-1,-1,-1
53,6.0,842.4,345.4,32.3,146.7,-1,-1,-1,-1
53,5.0,851.0,304.3,31.4,138.3,-1,-1,-1,-1
53,4.0,863.0,363.4,35.8,139.3,-1,-1,-1,-1
53,3.0,1105.1,325.9,55.1,133.3,-1,-1,-1,-1
53,2.0,1034.3,346.9,50.1,130.3,-1,-1,-1,-1
54,13.0,308.8,390.8,73.3,141.4,-1,-1,-1,-1
54,11.0,363.4,297.9,48.1,123.4,-1,-1,-1,-1
54,9.0,631.7,413.9,76.2,146.9,-1,-1,-1,-1
54,8.0,538.3,277.3,42.3,112.7,-1,-1,-1,-1
54,7.0,509.1,296.5,68.9,118.3,-1,-1,-1,-1
54,6.0,854.5,345.8,32.8,146.1,-1,-1,-1,-1
54,5.0,862.6,304.5,32.0,138.5,-1,-1,-1,-1
54,4.0,871.7,364.3,39.4,138.9,-1,-1,-1,-1
54,3.0,1120.7,325.9,55.0,134.3,-1,-1,-1,-1
54,2.0,1042.8,347.4,53.4,123.6,-1,-1,-1,-1
55,13.0,320.7,389.2,76.2,141.7,-1,-1,-1,-1
55,11.0,371.6,296.0,42.9,126.3,-1,-1,-1,-1
55,9.0,649.4,415.1,84.3,146.5,-1,-1,-1,-1
55,8.0,549.1,275.4,41.7,113.9,-1,-1,-1,-1
55,7.0,519.7,294.9,65.3,122.6,-1,-1,-1,-1
55,6.0,865.8,345.4,31.8,146.4,-1,-1,-1,-1
55,5.0,875.7,305.1,30.1,137.0,-1,-1,-1,-1
55,4.0,879.4,365.8,42.8,137.9,-1,-1,-1,-1
55,3.0,1137.7,325.7,53.8,134.6,-1,-1,-1,-1
55,2.0,1050.5,348.4,57.4,120.1,-1,-1,-1,-1
56,13.0,329.8,387.9,80.3,142.9,-1,-1,-1,-1
56,11.0,378.6,296.1,42.5,127.5,-1,-1,-1,-1
56,9.0,664.4,415.8,94.0,145.5,-1,-1,-1,-1
56,8.0,554.8,273.5,44.0,115.6,-1,-1,-1,-1
56,7.0,527.1,293.5,68.4,126.5,-1,-1,-1,-1
56,6.0,874.5,346.8,34.7,145.6,-1,-1,-1,-1
56,5.0,885.3,305.3,30.3,135.8,-1,-1,-1,-1
56,4.0,888.7,368.7,42.0,137.7,-1,-1,-1,-1
56,3.0,1157.1,325.4,48.6,135.7,-1,-1,-1,-1
56,2.0,1057.3,349.8,61.1,119.5,-1,-1,-1,-1
57,13.0,340.3,387.7,79.9,142.9,-1,-1,-1,-1
57,11.0,384.4,296.8,40.5,128.1,-1,-1,-1,-1
57,9.0,673.8,417.4,104.5,142.9,-1,-1,-1,-1
57,8.0,557.5,271.8,47.4,116.2,-1,-1,-1,-1
57,7.0,533.1,293.8,67.7,127.1,-1,-1,-1,-1
57,6.0,881.1,346.5,34.6,146.6,-1,-1,-1,-1
57,5.0,887.9,304.7,35.1,141.9,-1,-1,-1,-1
57,4.0,894.9,371.0,44.3,139.1,-1,-1,-1,-1
57,3.0,1173.5,325.1,42.9,137.3,-1,-1,-1,-1
57,2.0,1061.3,350.3,65.4,119.6,-1,-1,-1,-1
58,13.0,350.1,387.7,78.1,142.6,-1,-1,-1,-1
58,11.0,388.7,297.6,39.0,122.7,-1,-1,-1,-1
58,9.0,685.2,419.8,104.9,139.1,-1,-1,-1,-1
58,8.0,560.8,270.7,47.5,117.0,-1,-1,-1,-1
58,7.0,537.4,295.8,66.2,126.2,-1,-1,-1,-1
58,6.0,886.0,348.0,38.5,145.9,-1,-1,-1,-1
58,5.0,898.3,306.1,30.7,141.5,-1,-1,-1,-1
58,4.0,897.8,372.0,45.6,141.5,-1,-1,-1,-1
58,3.0,1188.1,324.6,38.3,138.1,-1,-1,-1,-1
58,2.0,1066.0,350.5,66.5,120.0,-1,-1,-1,-1
59,13.0,362.1,384.9,71.2,145.8,-1,-1,-1,-1
59,11.0,384.2,298.7,45.1,130.0,-1,-1,-1,-1
59,9.0,697.4,421.9,100.2,132.1,-1,-1,-1,-1
59,8.0,564.9,268.8,45.7,114.6,-1,-1,-1,-1
59,7.0,539.9,300.5,65.4,120.4,-1,-1,-1,-1
59,6.0,901.9,374.0,43.6,142.8,-1,-1,-1,-1
59,5.0,905.1,307.3,28.8,136.3,-1,-1,-1,-1
59,4.0,887.9,348.1,38.4,146.1,-1,-1,-1,-1
59,3.0,1197.3,325.7,37.3,141.5,-1,-1,-1,-1
59,2.0,1069.1,350.4,68.3,120.8,-1,-1,-1,-1
60,13.0,368.3,387.7,71.0,142.6,-1,-1,-1,-1
60,11.0,378.3,298.8,51.7,129.5,-1,-1,-1,-1
60,9.0,708.5,423.3,93.1,126.7,-1,-1,-1,-1
60,8.0,568.5,267.0,42.9,114.4,-1,-1,-1,-1
60,7.0,543.0,305.2,64.9,115.8,-1,-1,-1,-1
60,6.0,887.0,348.2,43.8,147.0,-1,-1,-1,-1
60,5.0,906.9,306.7,30.5,135.1,-1,-1,-1,-1
60,4.0,904.2,374.6,42.2,143.5,-1,-1,-1,-1
60,3.0,1204.1,327.6,36.5,142.2,-1,-1,-1,-1
60,2.0,1069.3,349.9,71.0,120.9,-1,-1,-1,-1
61,13.0,372.0,388.7,67.9,141.6,-1,-1,-1,-1
61,11.0,372.9,299.1,57.7,131.6,-1,-1,-1,-1
61,9.0,719.4,423.8,84.4,121.7,-1,-1,-1,-1
61,8.0,569.6,265.0,41.6,110.3,-1,-1,-1,-1
61,7.0,544.4,308.7,65.6,115.7,-1,-1,-1,-1
61,6.0,906.4,374.5,40.6,145.1,-1,-1,-1,-1
61,5.0,910.5,307.3,29.7,133.1,-1,-1,-1,-1
61,4.0,886.2,347.4,45.9,148.0,-1,-1,-1,-1
61,3.0,1209.5,330.0,36.9,143.9,-1,-1,-1,-1
61,2.0,1067.9,350.1,74.4,119.6,-1,-1,-1,-1
62,14.0,338.9,430.3,99.7,66.9,-1,-1,-1,-1
62,13.0,374.0,387.8,66.0,142.2,-1,-1,-1,-1
62,11.0,368.2,300.1,62.6,130.4,-1,-1,-1,-1
62,9.0,726.3,424.0,77.9,119.7,-1,-1,-1,-1
62,8.0,568.5,263.0,41.0,105.7,-1,-1,-1,-1
62,7.0,547.3,312.2,64.3,117.4,-1,-1,-1,-1
62,6.0,907.2,376.7,40.7,144.8,-1,-1,-1,-1
62,5.0,912.4,307.7,29.7,133.0,-1,-1,-1,-1
62,4.0,883.8,347.2,50.5,147.9,-1,-1,-1,-1
62,3.0,1212.2,333.3,38.3,144.2,-1,-1,-1,-1
62,2.0,1065.1,350.6,79.2,117.3,-1,-1,-1,-1
63,14.0,334.2,428.3,109.1,74.1,-1,-1,-1,-1
63,13.0,375.1,388.3,71.2,141.3,-1,-1,-1,-1
63,11.0,366.0,301.2,63.6,129.0,-1,-1,-1,-1
63,9.0,729.4,424.0,75.0,119.0,-1,-1,-1,-1
63,8.0,557.6,262.4,52.2,104.9,-1,-1,-1,-1
63,7.0,551.9,314.9,60.2,118.7,-1,-1,-1,-1
63,6.0,905.1,379.7,42.9,144.0,-1,-1,-1,-1
63,5.0,911.4,308.3,32.0,135.6,-1,-1,-1,-1
63,4.0,882.9,349.1,50.4,146.6,-1,-1,-1,-1
63,3.0,1212.4,336.5,44.2,144.3,-1,-1,-1,-1
63,2.0,1066.2,350.4,79.3,114.6,-1,-1,-1,-1
64,13.0,375.3,387.6,75.2,142.2,-1,-1,-1,-1
64,11.0,364.0,302.5,63.3,127.7,-1,-1,-1,-1
64,9.0,731.3,423.7,73.1,119.4,-1,-1,-1,-1
64,8.0,552.8,262.4,55.9,106.3,-1,-1,-1,-1
64,7.0,554.9,317.0,56.3,121.3,-1,-1,-1,-1
64,6.0,904.6,381.4,42.2,144.1,-1,-1,-1,-1
64,5.0,910.4,309.0,33.1,137.4,-1,-1,-1,-1
64,4.0,881.4,349.1,51.7,147.6,-1,-1,-1,-1
64,3.0,1212.3,339.8,49.9,144.4,-1,-1,-1,-1
64,2.0,1064.3,349.1,80.7,113.3,-1,-1,-1,-1
65,13.0,375.1,387.3,78.9,142.3,-1,-1,-1,-1
65,11.0,362.4,303.6,62.2,127.2,-1,-1,-1,-1
65,9.0,731.7,423.2,73.4,119.8,-1,-1,-1,-1
65,8.0,545.5,262.2,59.6,105.3,-1,-1,-1,-1
65,7.0,553.9,318.5,54.8,126.4,-1,-1,-1,-1
65,6.0,904.7,383.6,39.5,145.6,-1,-1,-1,-1
65,5.0,906.6,310.3,36.1,137.3,-1,-1,-1,-1
65,4.0,878.3,349.7,53.0,146.1,-1,-1,-1,-1
65,3.0,1206.7,342.2,57.2,144.0,-1,-1,-1,-1
65,2.0,1063.9,347.6,79.6,111.7,-1,-1,-1,-1
66,14.0,321.6,433.3,113.7,77.9,-1,-1,-1,-1
66,13.0,376.8,386.5,79.2,142.6,-1,-1,-1,-1
66,11.0,360.5,303.6,60.2,127.7,-1,-1,-1,-1
66,9.0,730.0,422.0,75.9,121.0,-1,-1,-1,-1
66,8.0,540.6,263.2,61.4,103.4,-1,-1,-1,-1
66,7.0,549.7,321.6,57.5,129.0,-1,-1,-1,-1
66,6.0,898.9,386.2,42.5,145.5,-1,-1,-1,-1
66,5.0,905.7,311.2,35.3,138.4,-1,-1,-1,-1
66,4.0,875.5,350.0,55.1,145.9,-1,-1,-1,-1
66,3.0,1210.7,345.0,55.2,142.9,-1,-1,-1,-1
66,2.0,1061.4,346.2,82.8,110.1,-1,-1,-1,-1
67,14.0,317.6,421.5,106.1,80.0,-1,-1,-1,-1
67,13.0,377.7,386.3,78.9,142.9,-1,-1,-1,-1
67,11.0,358.0,302.5,57.4,129.3,-1,-1,-1,-1
67,9.0,727.6,420.6,77.3,122.9,-1,-1,-1,-1
67,8.0,535.5,264.3,62.5,103.3,-1,-1,-1,-1
67,7.0,545.8,326.4,59.4,124.8,-1,-1,-1,-1
67,6.0,896.3,388.9,41.7,143.2,-1,-1,-1,-1
67,5.0,903.9,312.7,33.8,137.4,-1,-1,-1,-1
67,4.0,873.0,351.1,54.3,145.5,-1,-1,-1,-1
67,3.0,1202.1,346.1,61.8,141.6,-1,-1,-1,-1
67,2.0,1056.8,345.2,86.9,108.6,-1,-1,-1,-1
68,14.0,303.9,429.6,102.5,72.2,-1,-1,-1,-1
68,13.0,377.4,386.0,78.6,146.6,-1,-1,-1,-1
68,11.0,355.3,301.1,52.7,130.1,-1,-1,-1,-1
68,9.0,723.7,419.5,77.2,124.1,-1,-1,-1,-1
68,8.0,530.3,265.1,63.0,103.4,-1,-1,-1,-1
68,7.0,542.0,331.2,60.7,120.6,-1,-1,-1,-1
68,6.0,890.5,386.7,42.7,145.4,-1,-1,-1,-1
68,5.0,897.9,312.7,35.5,137.5,-1,-1,-1,-1
68,4.0,868.0,352.3,61.0,146.5,-1,-1,-1,-1
68,3.0,1201.1,347.0,58.2,140.7,-1,-1,-1,-1
68,2.0,1052.3,344.7,88.0,107.0,-1,-1,-1,-1
69,14.0,285.6,429.3,110.7,72.6,-1,-1,-1,-1
69,13.0,382.4,386.4,71.9,136.8,-1,-1,-1,-1
69,11.0,350.9,300.2,49.1,131.1,-1,-1,-1,-1
69,9.0,718.4,417.8,78.9,126.0,-1,-1,-1,-1
69,8.0,523.8,266.0,62.3,102.1,-1,-1,-1,-1
69,7.0,536.9,336.0,62.6,115.6,-1,-1,-1,-1
69,6.0,887.7,386.8,40.3,145.7,-1,-1,-1,-1
69,5.0,892.0,313.7,35.7,135.3,-1,-1,-1,-1
69,4.0,863.2,352.1,56.7,145.1,-1,-1,-1,-1
69,3.0,1196.7,347.9,59.2,139.8,-1,-1,-1,-1
69,2.0,1046.9,345.5,89.9,104.0,-1,-1,-1,-1
70,14.0,271.7,418.4,113.2,83.3,-1,-1,-1,-1
70,13.0,389.0,386.1,64.8,134.7,-1,-1,-1,-1
70,11.0,347.2,300.3,44.9,131.2,-1,-1,-1,-1
70,9.0,712.6,416.5,79.2,127.9,-1,-1,-1,-1
70,8.0,517.9,266.6,60.6,100.3,-1,-1,-1,-1
70,7.0,531.2,338.2,66.2,113.6,-1,-1,-1,-1
70,6.0,880.4,386.9,41.3,145.3,-1,-1,-1,-1
70,5.0,885.3,314.4,36.4,134.5,-1,-1,-1,-1
70,4.0,857.3,351.7,56.7,146.1,-1,-1,-1,-1
70,3.0,1204.4,347.8,47.8,139.2,-1,-1,-1,-1
70,2.0,1041.0,346.3,89.6,104.0,-1,-1,-1,-1
71,14.0,261.3,423.2,111.7,79.6,-1,-1,-1,-1
71,13.0,385.0,384.8,68.0,138.2,-1,-1,-1,-1
71,11.0,334.0,301.4,50.5,133.1,-1,-1,-1,-1
71,9.0,713.6,416.0,72.1,129.6,-1,-1,-1,-1
71,8.0,511.1,266.9,59.8,100.2,-1,-1,-1,-1
71,7.0,524.7,339.3,69.7,116.0,-1,-1,-1,-1
71,6.0,872.7,383.7,42.6,147.7,-1,-1,-1,-1
71,5.0,876.6,314.6,37.8,136.2,-1,-1,-1,-1
71,4.0,849.6,351.1,55.8,143.6,-1,-1,-1,-1
71,3.0,1205.8,348.3,42.2,138.1,-1,-1,-1,-1
71,2.0,1034.0,347.5,89.3,101.0,-1,-1,-1,-1
72,14.0,252.2,426.8,113.1,75.8,-1,-1,-1,-1
72,13.0,388.0,383.4,63.7,135.1,-1,-1,-1,-1
72,11.0,319.1,303.9,57.0,130.8,-1,-1,-1,-1
72,9.0,718.1,415.6,61.0,132.9,-1,-1,-1,-1
72,8.0,503.4,266.9,60.1,100.7,-1,-1,-1,-1
72,7.0,517.6,339.8,73.8,121.2,-1,-1,-1,-1
72,6.0,864.6,383.4,42.8,148.0,-1,-1,-1,-1
72,5.0,870.5,314.8,36.4,134.3,-1,-1,-1,-1
72,4.0,842.7,351.5,54.4,141.7,-1,-1,-1,-1
72,3.0,1200.6,348.7,42.1,136.9,-1,-1,-1,-1
72,2.0,1025.9,348.4,89.3,99.8,-1,-1,-1,-1
73,14.0,244.6,429.9,112.8,73.2,-1,-1,-1,-1
73,13.0,382.5,381.0,68.6,136.7,-1,-1,-1,-1
73,11.0,307.1,307.4,60.0,129.3,-1,-1,-1,-1
73,9.0,713.6,415.2,57.5,134.8,-1,-1,-1,-1
73,8.0,495.2,267.0,60.2,100.5,-1,-1,-1,-1
73,7.0,510.3,340.4,79.2,126.2,-1,-1,-1,-1
73,6.0,855.8,381.0,43.1,150.2,-1,-1,-1,-1
73,5.0,860.9,314.8,37.7,136.6,-1,-1,-1,-1
73,4.0,834.7,351.0,53.6,144.2,-1,-1,-1,-1
73,3.0,1192.9,348.8,43.2,136.2,-1,-1,-1,-1
73,2.0,1017.2,348.2,89.2,101.2,-1,-1,-1,-1
74,14.0,238.5,429.7,110.2,74.1,-1,-1,-1,-1
74,13.0,374.3,379.0,75.8,136.2,-1,-1,-1,-1
74,11.0,297.0,312.0,61.5,128.1,-1,-1,-1,-1
74,9.0,707.7,415.3,55.1,137.1,-1,-1,-1,-1
74,8.0,487.2,267.3,60.1,100.3,-1,-1,-1,-1
74,7.0,505.3,341.5,83.7,130.4,-1,-1,-1,-1
74,6.0,847.2,380.2,41.6,149.4,-1,-1,-1,-1
74,5.0,856.2,314.6,34.4,136.7,-1,-1,-1,-1
74,4.0,826.4,351.5,55.9,141.9,-1,-1,-1,-1
74,3.0,1186.8,349.0,45.7,134.7,-1,-1,-1,-1
74,2.0,1006.9,347.6,90.5,107.0,-1,-1,-1,-1
75,14.0,232.8,428.3,105.2,75.8,-1,-1,-1,-1
75,13.0,365.6,377.8,82.4,137.6,-1,-1,-1,-1
75,11.0,286.5,315.7,65.1,126.8,-1,-1,-1,-1
75,9.0,701.0,415.1,53.4,140.6,-1,-1,-1,-1
75,8.0,478.3,267.2,60.7,100.8,-1,-1,-1,-1
75,7.0,499.9,343.3,87.0,135.6,-1,-1,-1,-1
75,6.0,835.3,378.4,43.3,151.6,-1,-1,-1,-1
75,5.0,843.5,314.7,38.8,137.5,-1,-1,-1,-1
75,4.0,816.6,350.8,55.7,137.1,-1,-1,-1,-1
75,3.0,1178.5,349.0,52.3,134.3,-1,-1,-1,-1
75,2.0,997.8,346.9,89.8,105.8,-1,-1,-1,-1
76,14.0,227.1,426.4,100.9,78.0,-1,-1,-1,-1
76,13.0,362.1,377.9,82.1,138.2,-1,-1,-1,-1
76,11.0,274.2,319.5,72.0,124.4,-1,-1,-1,-1
76,9.0,694.7,415.0,52.5,142.9,-1,-1,-1,-1
76,8.0,468.8,266.9,61.7,100.9,-1,-1,-1,-1
76,7.0,494.3,346.4,90.5,138.5,-1,-1,-1,-1
76,6.0,811.2,371.7,57.6,157.6,-1,-1,-1,-1
76,5.0,835.4,315.1,38.2,138.7,-1,-1,-1,-1
76,4.0,806.7,351.9,56.9,134.3,-1,-1,-1,-1
76,3.0,1168.2,348.9,59.1,133.3,-1,-1,-1,-1
76,2.0,983.3,346.2,93.1,105.0,-1,-1,-1,-1
77,14.0,223.6,425.5,95.7,79.4,-1,-1,-1,-1
77,13.0,359.5,378.1,82.4,135.9,-1,-1,-1,-1
77,11.0,265.7,321.7,73.9,123.0,-1,-1,-1,-1
77,9.0,689.2,415.2,52.3,145.7,-1,-1,-1,-1
77,8.0,460.6,266.8,62.5,101.3,-1,-1,-1,-1
77,7.0,494.6,349.3,80.5,136.1,-1,-1,-1,-1
77,6.0,814.3,384.4,44.8,146.4,-1,-1,-1,-1
77,5.0,826.9,315.9,38.2,137.9,-1,-1,-1,-1
77,4.0,797.1,351.3,59.5,138.0,-1,-1,-1,-1
77,3.0,1158.0,348.6,64.9,134.1,-1,-1,-1,-1
77,2.0,973.0,345.7,91.7,105.2,-1,-1,-1,-1
78,14.0,220.3,425.0,89.8,80.8,-1,-1,-1,-1
78,13.0,358.9,379.5,81.0,132.9,-1,-1,-1,-1
78,11.0,256.9,322.6,74.1,122.7,-1,-1,-1,-1
78,9.0,683.4,415.8,53.0,149.2,-1,-1,-1,-1
78,8.0,451.9,266.9,64.3,100.9,-1,-1,-1,-1
78,7.0,501.0,352.3,73.7,133.0,-1,-1,-1,-1
78,6.0,804.0,386.6,44.9,148.8,-1,-1,-1,-1
78,5.0,815.3,317.8,40.8,138.3,-1,-1,-1,-1
78,4.0,787.8,352.0,60.3,138.8,-1,-1,-1,-1
78,3.0,1148.5,348.4,68.4,134.8,-1,-1,-1,-1
78,2.0,962.7,345.3,88.0,105.2,-1,-1,-1,-1
79,14.0,220.2,423.5,81.7,81.4,-1,-1,-1,-1
79,13.0,360.8,380.6,77.1,131.9,-1,-1,-1,-1
79,11.0,248.8,322.1,73.4,123.6,-1,-1,-1,-1
79,9.0,677.9,416.4,53.7,149.8,-1,-1,-1,-1
79,8.0,443.7,267.2,65.0,100.4,-1,-1,-1,-1
79,7.0,502.9,353.8,70.2,130.6,-1,-1,-1,-1
79,6.0,794.9,389.3,45.4,147.8,-1,-1,-1,-1
79,5.0,808.9,319.5,38.8,135.1,-1,-1,-1,-1
79,4.0,780.5,351.6,59.0,139.1,-1,-1,-1,-1
79,3.0,1141.3,348.6,67.4,134.1,-1,-1,-1,-1
79,2.0,952.3,344.1,84.2,107.5,-1,-1,-1,-1
80,14.0,214.3,425.6,81.6,79.9,-1,-1,-1,-1
80,13.0,365.4,381.0,70.7,131.5,-1,-1,-1,-1
80,11.0,242.3,320.6,71.7,125.8,-1,-1,-1,-1
80,9.0,671.1,418.3,54.2,148.7,-1,-1,-1,-1
80,8.0,437.2,267.4,64.1,100.0,-1,-1,-1,-1
80,7.0,493.8,355.7,76.9,129.2,-1,-1,-1,-1
80,6.0,785.2,391.9,45.6,148.0,-1,-1,-1,-1
80,5.0,797.7,321.4,40.9,134.2,-1,-1,-1,-1
80,4.0,771.9,350.5,58.0,140.6,-1,-1,-1,-1
80,3.0,1136.9,349.0,63.1,132.9,-1,-1,-1,-1
80,2.0,943.2,343.1,80.6,110.2,-1,-1,-1,-1
81,14.0,207.9,429.5,80.3,76.0,-1,-1,-1,-1
81,13.0,367.8,379.7,68.8,133.7,-1,-1,-1,-1
81,11.0,237.3,319.5,71.0,126.9,-1,-1,-1,-1
81,9.0,664.1,420.7,54.0,146.3,-1,-1,-1,-1
81,8.0,431.7,268.2,63.4,96.7,-1,-1,-1,-1
81,7.0,491.4,357.5,78.9,127.4,-1,-1,-1,-1
81,6.0,775.9,394.0,44.2,145.4,-1,-1,-1,-1
81,5.0,790.9,322.8,39.0,134.1,-1,-1,-1,-1
81,4.0,762.9,350.5,56.6,147.2,-1,-1,-1,-1
81,3.0,1129.5,349.8,61.2,133.4,-1,-1,-1,-1
81,2.0,932.7,342.4,79.4,113.8,-1,-1,-1,-1
81,1.0,1203.9,366.7,76.6,143.1,-1,-1,-1,-1
82,14.0,202.5,433.8,86.1,71.8,-1,-1,-1,-1
82,13.0,361.8,378.1,78.9,134.6,-1,-1,-1,-1
82,11.0,234.4,317.7,68.7,129.0,-1,-1,-1,-1
82,9.0,656.0,422.8,56.1,144.3,-1,-1,-1,-1
82,8.0,424.8,268.4,63.9,94.5,-1,-1,-1,-1
82,7.0,496.9,357.7,78.0,131.8,-1,-1,-1,-1
82,6.0,765.1,393.8,45.7,146.3,-1,-1,-1,-1
82,5.0,782.3,323.6,39.9,132.9,-1,-1,-1,-1
82,4.0,754.5,350.4,55.3,149.0,-1,-1,-1,-1
82,3.0,1122.4,350.3,60.7,133.5,-1,-1,-1,-1
82,2.0,923.1,342.3,78.3,115.6,-1,-1,-1,-1
82,1.0,1191.0,368.2,79.5,145.7,-1,-1,-1,-1
83,14.0,198.0,438.8,83.3,67.3,-1,-1,-1,-1
83,13.0,358.1,375.1,85.8,136.4,-1,-1,-1,-1
83,11.0,231.6,316.1,66.9,130.6,-1,-1,-1,-1
83,9.0,648.3,425.5,59.2,141.2,-1,-1,-1,-1
83,8.0,416.5,269.6,66.3,91.7,-1,-1,-1,-1
83,7.0,507.6,347.5,77.1,146.0,-1,-1,-1,-1
83,6.0,756.1,395.1,45.4,143.3,-1,-1,-1,-1
83,5.0,773.3,324.3,40.6,131.1,-1,-1,-1,-1
83,4.0,747.1,349.9,55.1,144.8,-1,-1,-1,-1
83,3.0,1116.6,351.2,61.4,133.6,-1,-1,-1,-1
83,2.0,914.6,342.4,76.4,114.7,-1,-1,-1,-1
83,1.0,1181.9,371.1,71.3,143.7,-1,-1,-1,-1
84,14.0,195.1,441.4,83.6,65.8,-1,-1,-1,-1
84,13.0,355.7,373.2,91.7,138.4,-1,-1,-1,-1
84,11.0,231.1,315.1,63.5,131.8,-1,-1,-1,-1
84,9.0,641.6,427.2,64.8,139.3,-1,-1,-1,-1
84,8.0,409.0,269.9,68.6,90.3,-1,-1,-1,-1
84,7.0,526.6,350.9,61.7,151.8,-1,-1,-1,-1
84,6.0,747.8,394.6,45.6,145.0,-1,-1,-1,-1
84,5.0,766.6,324.5,39.9,129.5,-1,-1,-1,-1
84,4.0,738.5,350.1,56.2,143.5,-1,-1,-1,-1
84,3.0,1112.1,351.6,61.7,136.5,-1,-1,-1,-1
84,2.0,907.2,342.9,75.6,113.7,-1,-1,-1,-1
84,1.0,1172.5,373.1,63.0,141.2,-1,-1,-1,-1
85,14.0,191.2,451.1,66.3,55.3,-1,-1,-1,-1
85,13.0,354.3,372.0,95.4,136.1,-1,-1,-1,-1
85,11.0,232.3,314.3,58.4,132.6,-1,-1,-1,-1
85,9.0,631.2,427.7,71.2,138.4,-1,-1,-1,-1
85,8.0,401.6,270.2,71.0,88.7,-1,-1,-1,-1
85,7.0,534.1,361.5,57.0,149.1,-1,-1,-1,-1
85,6.0,740.5,393.8,44.7,144.4,-1,-1,-1,-1
85,5.0,757.7,324.2,41.4,129.4,-1,-1,-1,-1
85,4.0,732.0,349.8,54.9,140.2,-1,-1,-1,-1
85,3.0,1108.6,352.3,64.8,137.1,-1,-1,-1,-1
85,2.0,898.9,343.6,78.5,114.1,-1,-1,-1,-1
85,1.0,1160.1,375.7,57.1,144.4,-1,-1,-1,-1
86,14.0,188.1,453.2,59.8,53.0,-1,-1,-1,-1
86,13.0,354.7,372.7,96.7,129.5,-1,-1,-1,-1
86,11.0,235.1,315.3,52.3,131.9,-1,-1,-1,-1
86,9.0,622.9,418.7,73.7,147.6,-1,-1,-1,-1
86,8.0,395.4,271.7,74.3,87.6,-1,-1,-1,-1
86,7.0,536.1,374.7,54.5,134.8,-1,-1,-1,-1
86,6.0,733.3,391.6,43.0,149.5,-1,-1,-1,-1
86,5.0,751.2,323.8,40.8,130.0,-1,-1,-1,-1
86,4.0,725.3,349.9,54.5,141.8,-1,-1,-1,-1
86,3.0,1106.2,353.3,71.2,128.2,-1,-1,-1,-1
86,2.0,893.2,344.4,82.1,115.5,-1,-1,-1,-1
86,1.0,1149.7,376.9,51.2,146.8,-1,-1,-1,-1
87,14.0,183.6,449.5,61.0,53.8,-1,-1,-1,-1
87,13.0,359.8,374.3,93.3,122.6,-1,-1,-1,-1
87,11.0,237.1,316.8,46.8,130.8,-1,-1,-1,-1
87,9.0,616.6,409.9,73.5,156.4,-1,-1,-1,-1
87,8.0,391.5,271.5,74.1,88.2,-1,-1,-1,-1
87,7.0,539.2,378.5,69.5,130.9,-1,-1,-1,-1
87,6.0,727.1,392.4,42.8,145.4,-1,-1,-1,-1
87,5.0,741.6,323.3,43.4,129.9,-1,-1,-1,-1
87,4.0,718.8,350.3,54.5,139.2,-1,-1,-1,-1
87,3.0,1103.6,354.1,68.5,126.9,-1,-1,-1,-1
87,2.0,887.4,345.7,83.2,113.4,-1,-1,-1,-1
87,1.0,1140.5,378.6,49.2,149.5,-1,-1,-1,-1
88,14.0,178.9,446.3,68.9,61.5,-1,-1,-1,-1
88,13.0,369.4,376.0,85.5,117.8,-1,-1,-1,-1
88,11.0,230.3,319.5,51.0,128.9,-1,-1,-1,-1
88,9.0,612.4,397.1,71.3,169.3,-1,-1,-1,-1
88,8.0,391.6,271.3,71.4,88.6,-1,-1,-1,-1
88,7.0,538.8,379.0,82.7,132.5,-1,-1,-1,-1
88,6.0,720.3,391.2,41.3,141.5,-1,-1,-1,-1
88,5.0,737.5,322.9,41.2,130.2,-1,-1,-1,-1
88,4.0,712.0,350.6,54.9,140.4,-1,-1,-1,-1
88,3.0,1101.8,355.4,72.1,132.0,-1,-1,-1,-1
88,2.0,881.4,347.2,84.7,111.7,-1,-1,-1,-1
88,1.0,1127.0,380.9,51.8,151.3,-1,-1,-1,-1
89,14.0,173.6,443.7,67.1,60.1,-1,-1,-1,-1
89,13.0,378.8,378.3,74.8,115.8,-1,-1,-1,-1
89,11.0,222.3,322.2,59.3,127.2,-1,-1,-1,-1
89,9.0,607.2,387.4,66.9,178.5,-1,-1,-1,-1
89,8.0,392.9,271.6,66.2,87.6,-1,-1,-1,-1
89,7.0,538.1,378.3,85.1,132.4,-1,-1,-1,-1
89,6.0,712.9,392.7,42.5,145.3,-1,-1,-1,-1
89,5.0,728.1,321.9,43.2,130.9,-1,-1,-1,-1
89,4.0,706.0,350.5,54.3,138.9,-1,-1,-1,-1
89,3.0,1099.6,356.2,73.1,136.7,-1,-1,-1,-1
89,2.0,872.8,348.6,88.1,110.3,-1,-1,-1,-1
89,1.0,1114.1,384.6,53.2,149.1,-1,-1,-1,-1
90,14.0,167.9,441.9,71.6,62.8,-1,-1,-1,-1
90,13.0,389.1,379.2,58.8,116.4,-1,-1,-1,-1
90,11.0,214.2,325.9,74.2,123.8,-1,-1,-1,-1
90,9.0,602.8,380.4,65.8,179.6,-1,-1,-1,-1
90,8.0,397.3,271.3,59.0,88.3,-1,-1,-1,-1
90,7.0,539.7,377.3,79.5,133.6,-1,-1,-1,-1
90,6.0,703.7,394.1,44.0,142.4,-1,-1,-1,-1
90,5.0,724.7,320.9,41.1,131.5,-1,-1,-1,-1
90,4.0,699.8,351.1,54.8,137.8,-1,-1,-1,-1
90,3.0,1094.9,357.2,73.7,134.5,-1,-1,-1,-1
90,2.0,868.2,350.0,90.9,108.9,-1,-1,-1,-1
90,1.0,1102.1,388.6,56.2,144.9,-1,-1,-1,-1
91,14.0,161.3,440.9,75.6,64.8,-1,-1,-1,-1
91,13.0,384.1,380.6,64.5,114.6,-1,-1,-1,-1
91,11.0,206.8,327.4,86.6,123.1,-1,-1,-1,-1
91,9.0,598.4,375.7,65.1,178.8,-1,-1,-1,-1
91,8.0,400.5,271.2,52.9,89.3,-1,-1,-1,-1
91,7.0,537.9,372.6,74.6,138.2,-1,-1,-1,-1
91,6.0,696.7,397.3,44.5,143.4,-1,-1,-1,-1
91,5.0,716.8,320.7,42.2,131.9,-1,-1,-1,-1
91,4.0,693.3,350.6,54.4,139.8,-1,-1,-1,-1
91,3.0,1091.0,358.4,75.0,133.4,-1,-1,-1,-1
91,2.0,862.5,351.7,94.7,108.7,-1,-1,-1,-1
91,1.0,1089.7,389.0,59.7,144.2,-1,-1,-1,-1
92,14.0,154.7,440.2,76.8,66.9,-1,-1,-1,-1
92,13.0,377.4,380.8,76.7,114.8,-1,-1,-1,-1
92,11.0,201.0,327.6,93.2,122.7,-1,-1,-1,-1
92,9.0,594.7,369.8,63.9,175.7,-1,-1,-1,-1
92,8.0,393.7,269.9,60.9,90.8,-1,-1,-1,-1
92,7.0,534.0,348.9,72.2,162.3,-1,-1,-1,-1
92,6.0,689.7,397.1,43.5,142.2,-1,-1,-1,-1
92,5.0,711.1,319.8,41.6,132.9,-1,-1,-1,-1
92,4.0,687.8,351.1,54.5,138.7,-1,-1,-1,-1
92,3.0,1089.5,358.9,71.1,133.0,-1,-1,-1,-1
92,2.0,857.9,352.8,97.7,109.3,-1,-1,-1,-1
92,1.0,1076.1,387.9,62.9,144.9,-1,-1,-1,-1
93,14.0,149.0,439.1,77.4,69.3,-1,-1,-1,-1
93,13.0,372.2,379.2,97.5,120.0,-1,-1,-1,-1
93,11.0,199.0,327.1,93.7,124.0,-1,-1,-1,-1
93,9.0,592.6,363.8,61.4,179.0,-1,-1,-1,-1
93,8.0,387.1,268.7,71.7,92.2,-1,-1,-1,-1
93,7.0,525.7,329.6,70.6,181.9,-1,-1,-1,-1
93,6.0,684.4,398.0,42.6,146.0,-1,-1,-1,-1
93,5.0,704.6,320.4,41.1,132.8,-1,-1,-1,-1
93,4.0,680.4,351.3,54.3,139.2,-1,-1,-1,-1
93,3.0,1087.3,358.7,67.2,132.6,-1,-1,-1,-1
93,2.0,855.0,354.0,101.8,113.5,-1,-1,-1,-1
93,1.0,1058.8,388.3,71.0,143.5,-1,-1,-1,-1
94,14.0,142.8,437.2,78.6,70.3,-1,-1,-1,-1
94,13.0,372.7,378.3,116.7,116.1,-1,-1,-1,-1
94,11.0,198.1,327.1,91.9,125.3,-1,-1,-1,-1
94,9.0,593.1,343.8,54.1,196.4,-1,-1,-1,-1
94,8.0,381.9,266.3,80.3,95.5,-1,-1,-1,-1
94,7.0,519.9,320.4,67.2,186.7,-1,-1,-1,-1
94,6.0,678.0,397.3,42.7,135.8,-1,-1,-1,-1
94,5.0,696.5,320.5,43.3,134.1,-1,-1,-1,-1
94,4.0,674.8,351.5,54.0,139.3,-1,-1,-1,-1
94,3.0,1080.6,358.9,69.5,132.3,-1,-1,-1,-1
94,2.0,852.4,354.6,104.6,112.3,-1,-1,-1,-1
94,1.0,1045.8,389.7,75.9,145.4,-1,-1,-1,-1
95,14.0,137.3,435.4,76.8,72.5,-1,-1,-1,-1
95,13.0,376.2,378.0,125.3,114.3,-1,-1,-1,-1
95,11.0,199.5,327.9,83.9,125.6,-1,-1,-1,-1
95,9.0,593.0,352.2,45.1,187.8,-1,-1,-1,-1
95,8.0,379.2,265.7,84.4,96.5,-1,-1,-1,-1
95,7.0,512.8,309.6,62.2,188.3,-1,-1,-1,-1
95,6.0,671.5,396.6,42.3,131.6,-1,-1,-1,-1
95,5.0,691.9,320.7,41.8,133.3,-1,-1,-1,-1
95,4.0,668.7,352.6,54.2,137.5,-1,-1,-1,-1
95,3.0,1085.2,358.3,59.8,132.7,-1,-1,-1,-1
95,2.0,850.7,355.0,105.1,113.3,-1,-1,-1,-1
95,1.0,1037.9,392.4,75.2,148.4,-1,-1,-1,-1
96,14.0,129.7,433.5,74.8,75.9,-1,-1,-1,-1
96,13.0,387.2,378.0,117.4,113.5,-1,-1,-1,-1
96,11.0,203.9,328.6,69.8,125.5,-1,-1,-1,-1
96,9.0,589.5,360.9,42.7,177.8,-1,-1,-1,-1
96,8.0,378.7,265.1,84.6,98.3,-1,-1,-1,-1
96,7.0,503.6,304.9,74.4,183.7,-1,-1,-1,-1
96,6.0,665.4,397.1,42.8,127.2,-1,-1,-1,-1
96,5.0,681.2,320.6,45.3,133.2,-1,-1,-1,-1
96,4.0,665.2,353.6,51.3,136.5,-1,-1,-1,-1
96,3.0,1085.2,357.4,56.0,133.4,-1,-1,-1,-1
96,2.0,849.4,354.4,101.2,110.9,-1,-1,-1,-1
96,1.0,1031.5,394.7,71.5,151.0,-1,-1,-1,-1
97,14.0,119.4,431.5,77.8,78.0,-1,-1,-1,-1
97,13.0,405.1,380.4,98.0,115.8,-1,-1,-1,-1
97,11.0,210.6,330.3,58.5,124.8,-1,-1,-1,-1
97,9.0,581.4,366.4,46.2,174.6,-1,-1,-1,-1
97,8.0,381.5,266.0,76.6,99.5,-1,-1,-1,-1
97,7.0,495.0,307.4,94.1,172.7,-1,-1,-1,-1
97,6.0,657.9,396.1,45.4,132.2,-1,-1,-1,-1
97,5.0,675.9,320.3,42.4,136.9,-1,-1,-1,-1
97,4.0,656.8,355.2,52.8,146.8,-1,-1,-1,-1
97,3.0,1080.5,357.0,56.7,133.3,-1,-1,-1,-1
97,2.0,842.1,353.3,105.0,114.9,-1,-1,-1,-1
97,1.0,1024.1,397.7,70.6,153.0,-1,-1,-1,-1
98,14.0,109.9,429.8,78.2,80.6,-1,-1,-1,-1
98,13.0,413.1,383.8,88.1,116.2,-1,-1,-1,-1
98,11.0,219.4,330.3,47.0,125.3,-1,-1,-1,-1
98,9.0,571.2,372.2,51.5,173.9,-1,-1,-1,-1
98,8.0,387.3,266.8,58.8,100.1,-1,-1,-1,-1
98,7.0,487.8,310.7,107.7,171.2,-1,-1,-1,-1
98,6.0,650.7,388.1,46.4,138.2,-1,-1,-1,-1
98,5.0,653.5,320.0,56.5,137.8,-1,-1,-1,-1
98,4.0,651.8,357.4,49.1,141.0,-1,-1,-1,-1
98,3.0,1075.7,357.0,56.7,134.0,-1,-1,-1,-1
98,2.0,835.4,351.9,104.7,116.1,-1,-1,-1,-1
98,1.0,1016.9,400.6,68.1,153.9,-1,-1,-1,-1
99,14.0,100.4,427.9,77.7,82.9,-1,-1,-1,-1
99,13.0,415.4,385.1,79.1,115.5,-1,-1,-1,-1
99,11.0,217.5,330.3,49.7,127.4,-1,-1,-1,-1
99,9.0,559.4,377.2,56.5,175.1,-1,-1,-1,-1
99,7.0,482.2,311.5,114.1,173.5,-1,-1,-1,-1
99,6.0,642.7,376.6,48.2,150.3,-1,-1,-1,-1
99,5.0,651.6,319.3,49.7,137.4,-1,-1,-1,-1
99,4.0,645.0,358.9,47.6,144.0,-1,-1,-1,-1
99,3.0,1071.6,357.9,56.0,134.2,-1,-1,-1,-1
99,2.0,833.5,351.2,99.6,117.2,-1,-1,-1,-1
99,1.0,1009.5,403.5,66.7,154.0,-1,-1,-1,-1
100,14.0,90.6,426.4,77.0,82.6,-1,-1,-1,-1
100,13.0,424.1,384.4,72.6,116.3,-1,-1,-1,-1
100,11.0,211.0,330.4,58.6,131.5,-1,-1,-1,-1
100,9.0,549.5,384.3,61.4,180.2,-1,-1,-1,-1
100,7.0,478.9,309.6,108.9,174.0,-1,-1,-1,-1
100,5.0,652.8,317.3,40.9,139.4,-1,-1,-1,-1
100,4.0,637.2,356.4,45.9,162.1,-1,-1,-1,-1
100,3.0,1067.3,359.3,55.7,135.8,-1,-1,-1,-1
100,2.0,838.1,350.4,88.9,117.8,-1,-1,-1,-1
100,1.0,1002.4,406.2,64.9,152.4,-1,-1,-1,-1
101,14.0,81.7,424.6,76.0,88.7,-1,-1,-1,-1
101,13.0,439.4,381.7,73.9,119.9,-1,-1,-1,-1
101,11.0,208.1,330.3,72.8,134.0,-1,-1,-1,-1
101,9.0,540.8,395.0,62.8,179.8,-1,-1,-1,-1
101,7.0,481.1,312.2,94.6,159.3,-1,-1,-1,-1
101,5.0,646.6,315.9,39.0,139.2,-1,-1,-1,-1
101,4.0,628.4,342.9,49.3,166.0,-1,-1,-1,-1
101,3.0,1063.7,361.4,59.2,137.9,-1,-1,-1,-1
101,2.0,844.6,350.0,79.5,118.5,-1,-1,-1,-1
101,1.0,996.0,407.7,63.8,151.2,-1,-1,-1,-1
102,14.0,73.5,422.4,79.1,84.5,-1,-1,-1,-1
102,13.0,443.0,377.7,80.5,123.8,-1,-1,-1,-1
102,11.0,204.6,331.4,86.7,134.6,-1,-1,-1,-1
102,9.0,533.4,404.2,63.8,178.5,-1,-1,-1,-1
102,7.0,474.5,312.3,83.8,151.5,-1,-1,-1,-1
102,5.0,638.2,313.5,39.9,144.3,-1,-1,-1,-1
102,4.0,623.4,336.7,46.1,178.8,-1,-1,-1,-1
102,3.0,1061.7,362.7,62.4,137.4,-1,-1,-1,-1
102,2.0,851.9,350.0,71.8,119.0,-1,-1,-1,-1
102,1.0,990.0,408.3,61.9,150.8,-1,-1,-1,-1
103,14.0,64.3,419.7,81.8,98.3,-1,-1,-1,-1
103,13.0,447.9,375.9,80.2,126.1,-1,-1,-1,-1
103,11.0,203.2,333.8,93.0,133.6,-1,-1,-1,-1
103,9.0,531.9,416.6,60.7,170.2,-1,-1,-1,-1
103,7.0,469.8,313.7,87.1,153.5,-1,-1,-1,-1
103,5.0,629.9,311.9,41.3,145.6,-1,-1,-1,-1
103,4.0,618.2,336.2,44.7,171.9,-1,-1,-1,-1
103,3.0,1058.6,363.6,65.0,135.9,-1,-1,-1,-1
103,2.0,853.0,349.9,67.6,119.6,-1,-1,-1,-1
103,1.0,984.8,406.5,59.7,152.7,-1,-1,-1,-1
104,14.0,54.8,416.4,83.8,105.6,-1,-1,-1,-1
104,13.0,448.2,373.9,75.7,127.7,-1,-1,-1,-1
104,11.0,202.7,336.3,92.3,131.8,-1,-1,-1,-1
104,9.0,529.4,430.1,59.0,157.2,-1,-1,-1,-1
104,8.0,382.5,264.7,87.9,119.1,-1,-1,-1,-1
104,7.0,464.7,316.5,93.3,153.9,-1,-1,-1,-1
104,5.0,621.6,310.9,44.2,147.6,-1,-1,-1,-1
104,4.0,612.6,334.4,41.8,166.7,-1,-1,-1,-1
104,3.0,1054.2,364.8,66.1,135.2,-1,-1,-1,-1
104,2.0,853.2,350.0,63.5,119.3,-1,-1,-1,-1
104,1.0,981.2,404.5,57.1,154.7,-1,-1,-1,-1
105,14.0,46.8,412.7,86.8,104.0,-1,-1,-1,-1
105,13.0,446.9,370.8,73.2,131.6,-1,-1,-1,-1
105,11.0,203.2,338.3,84.9,130.3,-1,-1,-1,-1
105,9.0,525.1,442.3,58.1,144.5,-1,-1,-1,-1
105,8.0,389.9,265.2,80.6,121.3,-1,-1,-1,-1
105,7.0,461.3,320.1,95.0,153.9,-1,-1,-1,-1
105,5.0,614.2,310.5,45.3,150.6,-1,-1,-1,-1
105,4.0,606.6,337.9,41.7,157.6,-1,-1,-1,-1
105,3.0,1049.0,366.1,67.5,134.7,-1,-1,-1,-1
105,2.0,851.5,349.7,60.6,119.6,-1,-1,-1,-1
105,1.0,977.0,401.6,54.2,158.1,-1,-1,-1,-1
106,14.0,40.5,408.9,89.3,101.3,-1,-1,-1,-1
106,13.0,447.0,369.3,68.0,133.5,-1,-1,-1,-1
106,11.0,207.4,338.1,75.1,131.1,-1,-1,-1,-1
106,9.0,520.4,445.6,55.9,141.4,-1,-1,-1,-1
106,8.0,392.6,272.7,84.1,123.1,-1,-1,-1,-1
106,7.0,474.0,324.2,76.6,151.1,-1,-1,-1,-1
106,5.0,607.6,310.4,49.3,149.3,-1,-1,-1,-1
106,4.0,601.5,335.1,41.1,157.1,-1,-1,-1,-1
106,3.0,1044.4,366.9,69.2,133.6,-1,-1,-1,-1
106,2.0,849.6,348.5,63.3,121.1,-1,-1,-1,-1
106,1.0,972.0,398.7,51.5,159.3,-1,-1,-1,-1
107,14.0,35.7,405.6,90.1,102.4,-1,-1,-1,-1
107,13.0,445.5,365.9,65.0,137.8,-1,-1,-1,-1
107,11.0,211.3,335.9,82.1,134.2,-1,-1,-1,-1
107,9.0,513.1,447.0,60.2,141.0,-1,-1,-1,-1
107,8.0,392.2,285.3,79.4,102.9,-1,-1,-1,-1
107,7.0,459.5,330.4,85.0,153.8,-1,-1,-1,-1
107,5.0,597.3,309.9,61.7,150.7,-1,-1,-1,-1
107,4.0,596.0,331.9,41.0,158.2,-1,-1,-1,-1
107,3.0,1044.7,367.1,68.2,133.8,-1,-1,-1,-1
107,2.0,848.3,346.7,68.1,123.0,-1,-1,-1,-1
107,1.0,966.4,397.4,51.7,153.9,-1,-1,-1,-1
108,14.0,33.9,401.9,87.9,109.1,-1,-1,-1,-1
108,13.0,442.9,361.1,61.8,143.3,-1,-1,-1,-1
108,11.0,218.3,333.8,75.6,136.7,-1,-1,-1,-1
108,9.0,504.8,447.8,63.7,141.2,-1,-1,-1,-1
108,8.0,393.5,286.7,84.1,102.0,-1,-1,-1,-1
108,7.0,458.9,339.6,85.3,160.5,-1,-1,-1,-1
108,5.0,592.2,308.1,70.1,155.1,-1,-1,-1,-1
108,4.0,591.6,331.2,40.4,158.1,-1,-1,-1,-1
108,3.0,1053.6,367.7,60.8,132.6,-1,-1,-1,-1
108,2.0,853.1,344.3,67.1,125.4,-1,-1,-1,-1
108,1.0,959.4,397.4,55.2,152.5,-1,-1,-1,-1
109,14.0,36.5,398.8,82.8,114.4,-1,-1,-1,-1
109,13.0,445.0,355.6,54.5,143.2,-1,-1,-1,-1
109,11.0,227.6,332.5,63.1,139.3,-1,-1,-1,-1
109,9.0,496.5,447.9,67.0,142.3,-1,-1,-1,-1
109,8.0,401.1,285.1,78.8,105.9,-1,-1,-1,-1
109,7.0,463.6,347.1,88.6,151.7,-1,-1,-1,-1
109,5.0,587.2,306.1,73.0,151.8,-1,-1,-1,-1
109,4.0,587.2,330.9,41.6,160.1,-1,-1,-1,-1
109,3.0,1056.2,367.7,60.4,132.7,-1,-1,-1,-1
109,2.0,859.0,341.3,62.2,128.9,-1,-1,-1,-1
109,1.0,952.2,398.7,58.9,149.1,-1,-1,-1,-1
110,14.0,41.7,396.1,79.7,115.3,-1,-1,-1,-1
110,13.0,446.1,341.7,50.5,158.1,-1,-1,-1,-1
110,11.0,232.8,332.6,56.7,139.4,-1,-1,-1,-1
110,9.0,483.6,448.4,76.0,151.0,-1,-1,-1,-1
110,8.0,425.4,282.2,54.9,110.1,-1,-1,-1,-1
110,7.0,467.7,349.8,85.1,160.9,-1,-1,-1,-1
110,5.0,582.9,304.9,72.1,158.6,-1,-1,-1,-1
110,4.0,581.2,332.8,45.0,160.7,-1,-1,-1,-1
110,3.0,1058.4,368.4,61.8,132.0,-1,-1,-1,-1
110,2.0,863.5,337.9,57.8,132.2,-1,-1,-1,-1
110,1.0,945.4,400.1,62.6,150.4,-1,-1,-1,-1
111,14.0,50.2,393.6,74.2,112.8,-1,-1,-1,-1
111,13.0,449.1,347.9,49.4,146.9,-1,-1,-1,-1
111,11.0,235.3,334.2,62.4,139.7,-1,-1,-1,-1
111,9.0,482.9,448.8,74.9,155.6,-1,-1,-1,-1
111,7.0,471.6,352.5,75.0,167.2,-1,-1,-1,-1
111,5.0,580.4,304.2,72.7,155.8,-1,-1,-1,-1
111,4.0,579.5,335.4,44.6,161.1,-1,-1,-1,-1
111,3.0,1060.8,368.8,64.0,132.0,-1,-1,-1,-1
111,2.0,868.2,335.6,53.0,130.4,-1,-1,-1,-1
111,1.0,941.4,401.7,64.1,150.8,-1,-1,-1,-1
112,14.0,59.3,390.5,69.5,117.0,-1,-1,-1,-1
112,13.0,454.0,349.5,46.3,147.1,-1,-1,-1,-1
112,11.0,239.5,336.3,66.5,139.6,-1,-1,-1,-1
112,9.0,478.2,450.8,77.7,156.9,-1,-1,-1,-1
112,7.0,478.2,361.3,74.4,189.7,-1,-1,-1,-1
112,5.0,578.6,303.3,54.0,144.4,-1,-1,-1,-1
112,4.0,578.6,338.5,41.0,162.1,-1,-1,-1,-1
112,3.0,1064.7,369.7,66.5,132.7,-1,-1,-1,-1
112,2.0,874.1,334.0,46.4,129.2,-1,-1,-1,-1
112,1.0,939.6,402.9,62.7,150.0,-1,-1,-1,-1
113,14.0,68.6,387.6,66.0,120.7,-1,-1,-1,-1
113,13.0,457.1,349.4,52.2,151.0,-1,-1,-1,-1
113,11.0,245.3,338.9,69.8,138.0,-1,-1,-1,-1
113,9.0,474.3,453.4,77.1,158.7,-1,-1,-1,-1
113,7.0,481.5,385.7,75.5,180.0,-1,-1,-1,-1
113,5.0,560.4,304.8,67.7,128.3,-1,-1,-1,-1
113,4.0,576.7,333.5,52.1,136.8,-1,-1,-1,-1
113,3.0,1069.1,371.1,67.3,134.1,-1,-1,-1,-1
113,2.0,878.4,332.7,46.9,127.3,-1,-1,-1,-1
113,1.0,939.1,403.8,61.6,149.9,-1,-1,-1,-1
114,14.0,71.0,385.5,67.4,123.8,-1,-1,-1,-1
114,13.0,460.7,350.3,51.9,148.5,-1,-1,-1,-1
114,11.0,248.0,340.7,74.3,137.1,-1,-1,-1,-1
114,9.0,470.1,455.7,72.5,157.6,-1,-1,-1,-1
114,8.0,439.4,254.0,57.5,139.3,-1,-1,-1,-1
114,7.0,489.8,403.7,65.6,165.7,-1,-1,-1,-1
114,5.0,577.8,304.3,40.6,133.1,-1,-1,-1,-1
114,4.0,579.1,330.6,53.4,137.7,-1,-1,-1,-1
114,3.0,1073.1,373.8,67.7,135.1,-1,-1,-1,-1
114,2.0,884.7,331.7,45.7,122.2,-1,-1,-1,-1
114,1.0,939.0,404.4,61.0,150.9,-1,-1,-1,-1
115,14.0,74.4,383.7,66.4,125.7,-1,-1,-1,-1
115,13.0,462.1,350.5,53.3,151.6,-1,-1,-1,-1
115,11.0,247.4,341.1,80.5,138.0,-1,-1,-1,-1
115,9.0,465.8,458.3,67.0,156.4,-1,-1,-1,-1
115,8.0,440.7,238.3,54.7,154.6,-1,-1,-1,-1
115,7.0,492.0,412.0,69.9,160.7,-1,-1,-1,-1
115,5.0,574.3,301.2,39.4,132.3,-1,-1,-1,-1
115,4.0,577.8,329.3,56.4,136.9,-1,-1,-1,-1
115,3.0,1076.2,376.6,74.3,133.8,-1,-1,-1,-1
115,2.0,875.0,332.8,60.0,118.3,-1,-1,-1,-1
115,1.0,938.0,405.2,61.7,149.3,-1,-1,-1,-1
116,15.0,573.1,356.3,40.9,175.9,-1,-1,-1,-1
116,14.0,82.7,382.7,60.9,127.0,-1,-1,-1,-1
116,13.0,464.4,354.7,56.1,145.9,-1,-1,-1,-1
116,11.0,247.8,340.7,83.5,139.6,-1,-1,-1,-1
116,9.0,462.2,460.0,67.2,157.2,-1,-1,-1,-1
116,8.0,444.0,230.0,46.2,157.1,-1,-1,-1,-1
116,7.0,493.4,417.1,60.8,156.2,-1,-1,-1,-1
116,5.0,574.3,298.7,36.9,137.4,-1,-1,-1,-1
116,4.0,577.4,329.2,54.1,125.9,-1,-1,-1,-1
116,3.0,1079.3,379.8,80.6,132.5,-1,-1,-1,-1
116,2.0,892.0,333.9,47.6,119.9,-1,-1,-1,-1
116,1.0,936.5,406.9,62.9,145.2,-1,-1,-1,-1
117,15.0,574.4,363.5,39.6,175.7,-1,-1,-1,-1
117,14.0,92.4,383.8,54.8,127.3,-1,-1,-1,-1
117,13.0,467.0,356.6,53.6,143.2,-1,-1,-1,-1
117,11.0,250.3,340.2,84.7,141.1,-1,-1,-1,-1
117,9.0,458.8,462.2,63.3,157.5,-1,-1,-1,-1
117,8.0,445.3,222.7,44.9,158.4,-1,-1,-1,-1
117,7.0,495.1,419.9,56.5,155.0,-1,-1,-1,-1
117,5.0,568.0,284.7,40.9,152.1,-1,-1,-1,-1
117,4.0,577.6,330.3,48.8,125.4,-1,-1,-1,-1
117,3.0,1083.0,383.4,79.0,129.9,-1,-1,-1,-1
117,2.0,885.0,335.7,59.5,119.3,-1,-1,-1,-1
117,1.0,934.5,408.8,64.7,142.0,-1,-1,-1,-1
118,15.0,574.6,370.6,41.2,163.9,-1,-1,-1,-1
118,14.0,106.0,384.6,42.3,127.6,-1,-1,-1,-1
118,13.0,467.9,358.4,52.3,143.4,-1,-1,-1,-1
118,11.0,253.5,338.1,83.2,143.8,-1,-1,-1,-1
118,9.0,452.4,463.8,72.4,168.3,-1,-1,-1,-1
118,8.0,446.2,219.0,41.9,149.3,-1,-1,-1,-1
118,7.0,496.0,420.8,55.4,155.3,-1,-1,-1,-1
118,5.0,561.8,272.0,44.6,162.3,-1,-1,-1,-1
118,4.0,576.4,329.6,41.3,127.3,-1,-1,-1,-1
118,3.0,1085.4,386.0,76.8,128.5,-1,-1,-1,-1
118,2.0,883.2,336.8,69.9,118.9,-1,-1,-1,-1
118,1.0,927.2,410.4,71.5,141.5,-1,-1,-1,-1
119,15.0,572.9,388.6,43.5,147.3,-1,-1,-1,-1
119,14.0,110.9,385.9,40.7,127.5,-1,-1,-1,-1
119,13.0,468.3,359.9,51.9,139.3,-1,-1,-1,-1
119,11.0,259.1,336.3,76.8,144.5,-1,-1,-1,-1
119,9.0,445.4,466.8,73.6,171.9,-1,-1,-1,-1
119,8.0,445.8,213.1,44.3,144.6,-1,-1,-1,-1
119,7.0,491.6,420.0,58.8,156.3,-1,-1,-1,-1
119,5.0,557.9,255.8,47.7,184.7,-1,-1,-1,-1
119,4.0,576.4,328.1,38.0,125.7,-1,-1,-1,-1
119,3.0,1088.0,388.0,73.7,127.0,-1,-1,-1,-1
119,2.0,885.9,336.0,73.5,120.4,-1,-1,-1,-1
119,1.0,923.4,411.5,74.0,141.8,-1,-1,-1,-1
120,15.0,569.8,376.0,46.1,159.6,-1,-1,-1,-1
120,14.0,113.1,386.0,50.7,128.1,-1,-1,-1,-1
120,13.0,465.5,361.7,55.4,134.0,-1,-1,-1,-1
120,11.0,263.1,334.7,71.5,143.6,-1,-1,-1,-1
120,9.0,437.0,470.7,75.4,169.0,-1,-1,-1,-1
120,8.0,444.7,211.4,47.2,136.2,-1,-1,-1,-1
120,7.0,488.3,418.0,59.7,158.0,-1,-1,-1,-1
120,5.0,561.3,239.6,43.0,196.0,-1,-1,-1,-1
120,4.0,567.7,323.4,41.3,129.7,-1,-1,-1,-1
120,3.0,1088.4,388.8,71.5,126.5,-1,-1,-1,-1
120,2.0,886.1,333.9,76.2,122.6,-1,-1,-1,-1
120,1.0,921.7,412.3,73.2,141.1,-1,-1,-1,-1
121,15.0,568.0,387.1,48.2,141.8,-1,-1,-1,-1
121,14.0,112.5,385.2,62.1,129.2,-1,-1,-1,-1
121,13.0,461.4,361.9,56.8,136.1,-1,-1,-1,-1
121,11.0,267.7,331.6,63.9,141.7,-1,-1,-1,-1
121,9.0,427.7,474.8,74.9,166.0,-1,-1,-1,-1
121,8.0,442.4,210.5,49.5,127.2,-1,-1,-1,-1
121,7.0,485.3,415.8,58.5,160.5,-1,-1,-1,-1
121,5.0,567.9,240.6,36.2,165.3,-1,-1,-1,-1
121,4.0,564.9,317.9,43.6,127.5,-1,-1,-1,-1
121,3.0,1086.8,388.7,69.6,125.9,-1,-1,-1,-1
121,2.0,885.2,331.4,72.5,123.8,-1,-1,-1,-1
121,1.0,917.7,411.8,73.0,141.6,-1,-1,-1,-1
122,15.0,562.1,383.6,52.9,142.4,-1,-1,-1,-1
122,14.0,106.7,383.8,72.3,131.2,-1,-1,-1,-1
122,13.0,456.4,361.8,58.7,134.4,-1,-1,-1,-1
122,11.0,273.6,327.6,53.7,142.2,-1,-1,-1,-1
122,9.0,417.7,477.6,74.8,163.1,-1,-1,-1,-1
122,8.0,440.4,211.1,50.3,125.4,-1,-1,-1,-1
122,7.0,482.8,413.2,56.1,163.0,-1,-1,-1,-1
122,5.0,559.6,228.8,46.3,162.4,-1,-1,-1,-1
122,4.0,558.6,289.0,41.3,151.2,-1,-1,-1,-1
122,3.0,1084.0,388.2,67.8,125.4,-1,-1,-1,-1
122,2.0,882.5,328.5,68.0,122.6,-1,-1,-1,-1
122,1.0,912.3,410.5,73.5,142.6,-1,-1,-1,-1
123,15.0,557.0,380.9,55.1,138.0,-1,-1,-1,-1
123,14.0,99.7,382.1,77.6,133.5,-1,-1,-1,-1
123,13.0,450.0,360.5,64.6,139.4,-1,-1,-1,-1
123,11.0,278.0,323.8,43.2,142.4,-1,-1,-1,-1
123,9.0,406.6,478.9,73.6,162.4,-1,-1,-1,-1
123,8.0,436.7,203.2,51.3,137.1,-1,-1,-1,-1
123,7.0,472.0,410.5,59.9,165.8,-1,-1,-1,-1
123,5.0,551.1,215.6,46.3,175.2,-1,-1,-1,-1
123,4.0,553.7,275.6,40.5,165.5,-1,-1,-1,-1
123,3.0,1079.2,387.0,66.6,126.2,-1,-1,-1,-1
123,2.0,879.9,325.7,62.2,122.5,-1,-1,-1,-1
123,1.0,905.2,409.5,74.1,143.0,-1,-1,-1,-1
124,15.0,551.7,379.1,56.9,140.1,-1,-1,-1,-1
124,14.0,92.8,380.1,79.7,135.3,-1,-1,-1,-1
124,13.0,442.6,360.1,64.2,137.2,-1,-1,-1,-1
124,11.0,273.0,321.0,42.5,139.9,-1,-1,-1,-1
124,9.0,394.9,479.9,70.4,162.7,-1,-1,-1,-1
124,8.0,433.9,196.9,49.3,155.0,-1,-1,-1,-1
124,7.0,457.2,408.4,67.9,167.8,-1,-1,-1,-1
124,5.0,544.4,219.1,43.9,165.2,-1,-1,-1,-1
124,4.0,548.4,257.6,42.4,178.9,-1,-1,-1,-1
124,3.0,1072.8,384.4,66.1,127.6,-1,-1,-1,-1
124,2.0,875.8,322.5,59.6,117.8,-1,-1,-1,-1
124,1.0,898.0,407.8,73.8,143.9,-1,-1,-1,-1
125,15.0,543.2,378.7,60.5,144.6,-1,-1,-1,-1
125,14.0,86.0,378.7,82.4,136.0,-1,-1,-1,-1
125,13.0,434.9,359.2,63.3,137.6,-1,-1,-1,-1
125,11.0,267.8,319.4,43.4,137.3,-1,-1,-1,-1
125,9.0,383.4,480.5,71.4,164.0,-1,-1,-1,-1
125,8.0,429.4,191.7,49.4,170.7,-1,-1,-1,-1
125,7.0,448.5,407.0,69.2,169.0,-1,-1,-1,-1
125,5.0,534.8,206.9,51.3,162.8,-1,-1,-1,-1
125,4.0,540.0,246.9,41.6,180.4,-1,-1,-1,-1
125,3.0,1066.9,382.6,65.7,128.8,-1,-1,-1,-1
125,2.0,870.9,319.6,61.3,122.7,-1,-1,-1,-1
125,1.0,890.4,406.3,72.4,145.2,-1,-1,-1,-1
126,15.0,537.2,381.6,62.8,144.5,-1,-1,-1,-1
126,14.0,82.3,376.7,83.7,136.5,-1,-1,-1,-1
126,13.0,427.2,358.3,62.2,136.4,-1,-1,-1,-1
126,11.0,264.1,318.5,50.8,134.3,-1,-1,-1,-1
126,9.0,371.3,481.2,76.4,169.7,-1,-1,-1,-1
126,8.0,428.9,187.6,47.0,177.6,-1,-1,-1,-1
126,7.0,440.3,405.4,70.5,170.7,-1,-1,-1,-1
126,5.0,522.0,210.4,56.9,169.5,-1,-1,-1,-1
126,4.0,529.5,234.2,48.8,186.8,-1,-1,-1,-1
126,3.0,1059.9,379.9,65.7,131.0,-1,-1,-1,-1
126,2.0,862.9,316.5,65.6,121.9,-1,-1,-1,-1
126,1.0,883.7,404.4,70.8,146.9,-1,-1,-1,-1
127,15.0,524.8,383.0,81.3,141.4,-1,-1,-1,-1
127,14.0,82.3,373.3,80.5,139.7,-1,-1,-1,-1
127,13.0,423.0,357.0,65.8,138.6,-1,-1,-1,-1
127,11.0,260.1,319.2,56.8,130.9,-1,-1,-1,-1
127,9.0,359.1,482.7,82.0,177.6,-1,-1,-1,-1
127,8.0,425.8,193.3,50.7,175.7,-1,-1,-1,-1
127,7.0,434.7,403.9,69.8,171.8,-1,-1,-1,-1
127,5.0,521.1,205.4,49.0,168.1,-1,-1,-1,-1
127,4.0,520.8,227.1,50.0,185.5,-1,-1,-1,-1
127,3.0,1054.3,377.6,65.7,132.7,-1,-1,-1,-1
127,2.0,853.6,314.7,70.8,116.7,-1,-1,-1,-1
127,1.0,876.8,403.7,72.0,146.8,-1,-1,-1,-1
128,15.0,523.5,385.8,87.7,138.6,-1,-1,-1,-1
128,14.0,82.4,369.2,75.6,139.4,-1,-1,-1,-1
128,13.0,417.2,356.1,66.7,139.2,-1,-1,-1,-1
128,11.0,257.6,320.4,59.1,126.7,-1,-1,-1,-1
128,9.0,350.8,485.0,85.6,179.6,-1,-1,-1,-1
128,8.0,422.6,198.6,53.0,174.8,-1,-1,-1,-1
128,7.0,428.9,402.3,69.3,172.5,-1,-1,-1,-1
128,5.0,514.0,221.1,52.1,175.6,-1,-1,-1,-1
128,3.0,1048.1,375.3,65.7,134.2,-1,-1,-1,-1
128,2.0,852.0,313.6,72.9,116.0,-1,-1,-1,-1
128,1.0,870.8,403.4,74.8,147.2,-1,-1,-1,-1
129,15.0,530.3,388.6,83.6,134.4,-1,-1,-1,-1
129,14.0,84.8,363.6,67.3,142.2,-1,-1,-1,-1
129,13.0,411.5,355.8,66.3,139.4,-1,-1,-1,-1
129,11.0,256.2,322.7,56.2,123.2,-1,-1,-1,-1
129,9.0,342.1,487.1,88.4,185.2,-1,-1,-1,-1
129,8.0,419.4,216.6,50.9,158.1,-1,-1,-1,-1
129,7.0,423.1,400.2,69.6,174.2,-1,-1,-1,-1
129,5.0,510.3,216.2,58.4,178.1,-1,-1,-1,-1
129,3.0,1042.5,373.5,65.5,135.2,-1,-1,-1,-1
129,2.0,853.2,313.5,67.6,116.9,-1,-1,-1,-1
129,1.0,865.2,404.4,77.6,145.8,-1,-1,-1,-1
130,15.0,525.5,387.7,88.8,135.4,-1,-1,-1,-1
130,14.0,88.3,359.1,57.4,143.8,-1,-1,-1,-1
130,13.0,406.1,354.5,66.7,141.4,-1,-1,-1,-1
130,11.0,252.6,324.6,53.7,121.5,-1,-1,-1,-1
130,9.0,333.6,488.4,84.8,181.8,-1,-1,-1,-1
130,8.0,415.3,244.9,50.7,134.7,-1,-1,-1,-1
130,7.0,418.3,399.4,68.4,174.1,-1,-1,-1,-1
130,5.0,507.7,213.6,63.0,178.1,-1,-1,-1,-1
130,3.0,1037.0,372.0,65.8,134.3,-1,-1,-1,-1
130,2.0,855.4,314.4,61.4,113.7,-1,-1,-1,-1
130,1.0,859.7,405.6,80.1,144.5,-1,-1,-1,-1
131,15.0,528.5,384.3,86.0,136.9,-1,-1,-1,-1
131,14.0,92.2,355.1,46.5,144.4,-1,-1,-1,-1
131,13.0,400.0,354.3,66.7,140.9,-1,-1,-1,-1
131,11.0,248.5,325.9,52.2,120.6,-1,-1,-1,-1
131,9.0,323.4,488.1,80.8,181.8,-1,-1,-1,-1
131,8.0,411.5,251.7,51.5,134.2,-1,-1,-1,-1
131,7.0,412.0,398.2,69.0,173.7,-1,-1,-1,-1
131,5.0,500.2,215.8,73.3,172.7,-1,-1,-1,-1
131,4.0,498.9,214.1,45.8,151.3,-1,-1,-1,-1
131,3.0,1032.3,372.1,65.2,133.4,-1,-1,-1,-1
131,2.0,849.2,316.6,62.9,110.3,-1,-1,-1,-1
131,1.0,852.4,407.7,81.8,143.9,-1,-1,-1,-1
132,15.0,524.3,381.1,86.1,137.5,-1,-1,-1,-1
132,14.0,88.6,352.9,43.8,142.1,-1,-1,-1,-1
132,13.0,394.0,353.6,67.0,142.2,-1,-1,-1,-1
132,11.0,244.1,327.0,50.9,119.8,-1,-1,-1,-1
132,9.0,314.1,486.5,75.4,184.9,-1,-1,-1,-1
132,8.0,408.4,258.1,49.5,137.1,-1,-1,-1,-1
132,7.0,405.8,397.8,68.0,171.3,-1,-1,-1,-1
132,5.0,493.7,216.0,81.2,167.6,-1,-1,-1,-1
132,3.0,1027.3,372.1,70.5,131.9,-1,-1,-1,-1
132,2.0,840.6,319.3,69.3,102.5,-1,-1,-1,-1
132,1.0,847.2,409.6,80.7,142.8,-1,-1,-1,-1
133,15.0,513.8,378.5,91.7,137.7,-1,-1,-1,-1
133,14.0,85.2,351.7,41.5,141.1,-1,-1,-1,-1
133,13.0,388.4,354.4,66.0,141.2,-1,-1,-1,-1
133,11.0,239.1,327.5,49.5,119.2,-1,-1,-1,-1
133,9.0,305.7,485.3,69.3,190.2,-1,-1,-1,-1
133,8.0,405.6,267.6,51.0,136.7,-1,-1,-1,-1
133,7.0,402.8,396.0,60.9,169.5,-1,-1,-1,-1
133,5.0,490.6,218.2,84.1,162.4,-1,-1,-1,-1
133,3.0,1023.4,374.0,70.8,129.8,-1,-1,-1,-1
133,2.0,832.6,322.2,74.5,92.0,-1,-1,-1,-1
133,1.0,839.6,410.8,81.7,141.7,-1,-1,-1,-1
134,16.0,473.8,243.7,72.9,139.5,-1,-1,-1,-1
134,15.0,514.4,376.6,85.4,135.1,-1,-1,-1,-1
134,14.0,81.8,352.0,46.5,137.7,-1,-1,-1,-1
134,13.0,383.3,355.0,65.0,140.1,-1,-1,-1,-1
134,11.0,233.8,328.0,49.1,119.1,-1,-1,-1,-1
134,9.0,297.6,484.9,64.5,182.4,-1,-1,-1,-1
134,8.0,403.5,277.0,49.9,130.6,-1,-1,-1,-1
134,7.0,397.5,394.5,61.1,169.3,-1,-1,-1,-1
134,5.0,487.6,224.1,85.9,157.2,-1,-1,-1,-1
134,3.0,1017.3,374.7,73.0,129.2,-1,-1,-1,-1
134,2.0,824.0,323.7,77.7,87.6,-1,-1,-1,-1
134,1.0,831.9,411.6,81.3,140.5,-1,-1,-1,-1
135,16.0,471.6,222.8,71.5,173.0,-1,-1,-1,-1
135,15.0,511.0,374.5,84.2,133.7,-1,-1,-1,-1
135,14.0,78.5,352.9,49.7,136.9,-1,-1,-1,-1
135,13.0,377.1,355.6,65.8,137.6,-1,-1,-1,-1
135,11.0,227.7,328.2,49.8,118.9,-1,-1,-1,-1
135,9.0,288.7,485.9,64.3,201.1,-1,-1,-1,-1
135,8.0,399.7,284.5,48.4,124.6,-1,-1,-1,-1
135,7.0,391.9,394.2,60.7,168.2,-1,-1,-1,-1
135,5.0,482.1,220.4,88.5,163.9,-1,-1,-1,-1
135,3.0,1004.3,375.8,79.7,127.4,-1,-1,-1,-1
135,2.0,809.5,326.1,86.2,82.0,-1,-1,-1,-1
135,1.0,830.1,412.2,71.5,140.0,-1,-1,-1,-1
136,16.0,468.1,223.9,74.7,183.1,-1,-1,-1,-1
136,15.0,508.2,372.6,81.1,133.1,-1,-1,-1,-1
136,14.0,74.4,355.7,50.9,134.6,-1,-1,-1,-1
136,13.0,371.4,354.7,65.4,141.6,-1,-1,-1,-1
136,11.0,221.6,328.0,49.7,119.2,-1,-1,-1,-1
136,9.0,276.5,488.3,67.9,189.3,-1,-1,-1,-1
136,8.0,394.1,288.3,48.6,122.5,-1,-1,-1,-1
136,7.0,385.8,392.9,60.7,169.1,-1,-1,-1,-1
136,5.0,475.4,219.0,90.6,175.8,-1,-1,-1,-1
136,3.0,995.1,374.5,82.1,128.0,-1,-1,-1,-1
136,2.0,794.9,328.4,94.6,78.9,-1,-1,-1,-1
136,1.0,823.5,411.8,67.3,140.2,-1,-1,-1,-1
137,16.0,462.2,232.6,74.2,175.6,-1,-1,-1,-1
137,15.0,506.6,369.8,77.1,134.8,-1,-1,-1,-1
137,14.0,71.1,359.3,47.5,131.2,-1,-1,-1,-1
137,13.0,365.6,356.6,64.3,141.2,-1,-1,-1,-1
137,11.0,214.8,327.5,50.0,119.9,-1,-1,-1,-1
137,9.0,257.9,491.5,77.9,194.4,-1,-1,-1,-1
137,8.0,388.2,289.5,48.9,119.4,-1,-1,-1,-1
137,7.0,378.8,391.3,61.9,170.4,-1,-1,-1,-1
137,5.0,478.1,223.8,80.3,171.7,-1,-1,-1,-1
137,4.0,464.2,222.3,46.7,179.9,-1,-1,-1,-1
137,3.0,989.6,371.4,80.2,130.7,-1,-1,-1,-1
137,2.0,764.3,330.8,120.0,75.7,-1,-1,-1,-1
137,1.0,814.0,409.7,62.6,141.8,-1,-1,-1,-1
138,16.0,460.5,246.1,67.8,160.7,-1,-1,-1,-1
138,15.0,504.8,367.0,73.6,137.7,-1,-1,-1,-1
138,14.0,67.8,363.6,46.9,127.1,-1,-1,-1,-1
138,13.0,359.9,358.4,68.4,140.3,-1,-1,-1,-1
138,11.0,208.2,326.5,50.3,121.1,-1,-1,-1,-1
138,9.0,238.4,496.6,89.3,190.3,-1,-1,-1,-1
138,8.0,383.6,291.7,47.6,118.6,-1,-1,-1,-1
138,7.0,372.6,392.3,62.9,170.4,-1,-1,-1,-1
138,5.0,477.9,240.4,71.8,156.7,-1,-1,-1,-1
138,4.0,461.3,241.3,44.6,161.0,-1,-1,-1,-1
138,3.0,986.8,368.2,72.6,133.3,-1,-1,-1,-1
138,2.0,761.6,332.6,113.6,73.9,-1,-1,-1,-1
138,1.0,805.5,406.9,56.9,144.3,-1,-1,-1,-1
139,16.0,458.3,284.1,60.3,122.2,-1,-1,-1,-1
139,15.0,507.7,364.3,68.2,140.0,-1,-1,-1,-1
139,14.0,64.7,368.4,54.9,122.1,-1,-1,-1,-1
139,13.0,357.8,363.4,78.1,140.4,-1,-1,-1,-1
139,11.0,205.0,326.3,50.3,122.4,-1,-1,-1,-1
139,9.0,223.7,501.1,99.3,189.1,-1,-1,-1,-1
139,8.0,380.1,294.5,48.9,114.9,-1,-1,-1,-1
139,7.0,371.9,391.1,62.6,172.4,-1,-1,-1,-1
139,5.0,471.8,265.5,71.6,128.9,-1,-1,-1,-1
139,3.0,985.6,365.5,69.9,134.9,-1,-1,-1,-1
139,2.0,771.4,334.7,93.1,72.0,-1,-1,-1,-1
139,1.0,801.6,403.9,53.9,146.7,-1,-1,-1,-1
140,16.0,457.5,274.0,59.5,135.8,-1,-1,-1,-1
140,15.0,509.1,362.0,67.8,141.8,-1,-1,-1,-1
140,14.0,66.7,371.6,60.0,117.3,-1,-1,-1,-1
140,13.0,359.7,367.1,81.4,137.4,-1,-1,-1,-1
140,11.0,206.4,325.8,49.2,121.7,-1,-1,-1,-1
140,9.0,217.8,504.6,105.1,186.2,-1,-1,-1,-1
140,8.0,380.4,298.4,50.1,112.8,-1,-1,-1,-1
140,7.0,374.1,390.6,59.1,172.3,-1,-1,-1,-1
140,5.0,475.8,270.8,65.9,123.6,-1,-1,-1,-1
140,3.0,985.9,363.5,70.9,132.3,-1,-1,-1,-1
140,2.0,768.7,335.8,87.7,71.6,-1,-1,-1,-1
140,1.0,801.7,400.2,55.2,149.5,-1,-1,-1,-1
141,16.0,460.6,272.7,53.8,142.7,-1,-1,-1,-1
141,15.0,510.7,359.2,70.1,144.1,-1,-1,-1,-1
141,14.0,71.1,374.1,66.9,114.7,-1,-1,-1,-1
141,13.0,362.1,371.7,83.9,132.4,-1,-1,-1,-1
141,11.0,209.9,325.5,51.3,120.4,-1,-1,-1,-1
141,9.0,219.8,506.0,105.1,187.2,-1,-1,-1,-1
141,8.0,379.5,301.9,54.4,110.1,-1,-1,-1,-1
141,7.0,377.9,390.8,58.1,170.6,-1,-1,-1,-1
141,5.0,480.4,278.2,63.6,121.0,-1,-1,-1,-1
141,3.0,987.3,361.7,73.1,131.2,-1,-1,-1,-1
141,2.0,765.8,336.8,81.9,70.6,-1,-1,-1,-1
141,1.0,802.8,397.3,57.5,149.5,-1,-1,-1,-1
142,16.0,468.4,272.9,53.4,142.6,-1,-1,-1,-1
142,15.0,513.9,357.7,71.5,144.1,-1,-1,-1,-1
142,14.0,76.3,374.1,79.7,116.5,-1,-1,-1,-1
142,13.0,365.5,378.7,84.5,124.8,-1,-1,-1,-1
142,11.0,214.7,325.4,51.2,120.1,-1,-1,-1,-1
142,9.0,224.8,506.5,103.3,187.7,-1,-1,-1,-1
142,8.0,382.5,300.1,56.6,110.8,-1,-1,-1,-1
142,7.0,383.0,390.6,57.4,168.6,-1,-1,-1,-1
142,5.0,484.8,289.8,66.5,112.3,-1,-1,-1,-1
142,3.0,989.6,360.8,74.8,129.7,-1,-1,-1,-1
142,2.0,767.9,337.1,71.2,69.4,-1,-1,-1,-1
142,1.0,805.0,394.3,59.8,146.4,-1,-1,-1,-1
143,16.0,471.2,276.3,61.9,133.5,-1,-1,-1,-1
143,15.0,518.9,356.7,71.7,142.3,-1,-1,-1,-1
143,14.0,82.2,374.8,81.8,116.3,-1,-1,-1,-1
143,13.0,373.3,384.6,81.5,119.6,-1,-1,-1,-1
143,11.0,219.5,324.4,50.4,121.4,-1,-1,-1,-1
143,9.0,229.5,505.4,102.4,186.0,-1,-1,-1,-1
143,8.0,387.4,307.8,58.3,101.3,-1,-1,-1,-1
143,7.0,388.0,388.6,58.8,168.5,-1,-1,-1,-1
143,5.0,495.4,293.3,63.1,121.9,-1,-1,-1,-1
143,3.0,992.2,359.8,75.9,127.9,-1,-1,-1,-1
143,2.0,768.0,336.3,58.4,70.5,-1,-1,-1,-1
143,1.0,806.4,392.3,63.0,142.8,-1,-1,-1,-1
144,16.0,476.2,277.8,61.0,128.9,-1,-1,-1,-1
144,15.0,523.0,355.6,72.6,140.7,-1,-1,-1,-1
144,14.0,88.6,374.1,81.0,116.8,-1,-1,-1,-1
144,13.0,368.4,387.0,91.5,116.6,-1,-1,-1,-1
144,11.0,223.7,323.9,48.9,121.1,-1,-1,-1,-1
144,9.0,233.9,503.6,102.5,187.7,-1,-1,-1,-1
144,8.0,392.3,308.7,57.7,100.3,-1,-1,-1,-1
144,7.0,389.8,388.8,61.8,164.9,-1,-1,-1,-1
144,5.0,499.9,296.1,61.1,120.0,-1,-1,-1,-1
144,3.0,994.5,359.6,76.5,127.1,-1,-1,-1,-1
144,2.0,767.8,336.3,55.4,78.0,-1,-1,-1,-1
144,1.0,806.3,389.8,67.3,137.8,-1,-1,-1,-1
145,16.0,481.8,276.4,59.6,131.2,-1,-1,-1,-1
145,15.0,529.1,354.5,69.5,139.9,-1,-1,-1,-1
145,14.0,96.4,373.1,77.7,117.4,-1,-1,-1,-1
145,13.0,364.8,389.1,99.0,115.4,-1,-1,-1,-1
145,11.0,227.6,323.2,48.5,121.6,-1,-1,-1,-1
145,9.0,238.1,502.2,102.0,188.8,-1,-1,-1,-1
145,8.0,394.5,311.2,58.1,97.1,-1,-1,-1,-1
145,7.0,393.1,387.9,66.2,159.6,-1,-1,-1,-1
145,5.0,507.8,296.4,48.4,119.1,-1,-1,-1,-1
145,3.0,995.8,359.6,77.0,127.6,-1,-1,-1,-1
145,2.0,766.6,335.7,60.2,79.2,-1,-1,-1,-1
145,1.0,804.3,387.1,73.0,137.3,-1,-1,-1,-1
146,16.0,485.9,276.9,59.2,128.9,-1,-1,-1,-1
146,15.0,537.9,351.8,65.5,138.2,-1,-1,-1,-1
146,14.0,107.3,372.3,71.2,117.8,-1,-1,-1,-1
146,13.0,361.4,393.2,105.3,111.4,-1,-1,-1,-1
146,11.0,230.5,321.7,48.0,122.9,-1,-1,-1,-1
146,9.0,238.1,501.8,103.5,188.3,-1,-1,-1,-1
146,8.0,395.6,312.7,60.4,94.5,-1,-1,-1,-1
146,7.0,396.1,387.8,67.9,162.8,-1,-1,-1,-1
146,5.0,513.4,294.7,51.8,121.3,-1,-1,-1,-1
146,3.0,997.4,359.2,75.9,128.4,-1,-1,-1,-1
146,2.0,760.5,334.8,69.0,76.5,-1,-1,-1,-1
146,1.0,801.4,385.3,79.0,135.3,-1,-1,-1,-1
147,16.0,490.4,283.2,57.7,122.1,-1,-1,-1,-1
147,15.0,546.7,349.1,59.0,136.8,-1,-1,-1,-1
147,14.0,117.6,371.0,65.0,119.2,-1,-1,-1,-1
147,13.0,361.0,398.2,109.1,105.9,-1,-1,-1,-1
147,11.0,232.1,320.0,47.0,124.6,-1,-1,-1,-1
147,9.0,240.2,502.7,99.7,188.0,-1,-1,-1,-1
147,8.0,397.5,314.2,60.5,97.7,-1,-1,-1,-1
147,7.0,397.6,387.7,71.0,157.5,-1,-1,-1,-1
147,5.0,514.5,295.4,55.5,120.2,-1,-1,-1,-1
147,3.0,998.8,358.6,73.4,129.2,-1,-1,-1,-1
147,2.0,751.0,334.5,80.2,78.5,-1,-1,-1,-1
147,1.0,794.9,383.4,87.3,134.4,-1,-1,-1,-1
148,16.0,493.9,285.8,56.9,120.0,-1,-1,-1,-1
148,15.0,549.5,347.4,56.7,138.0,-1,-1,-1,-1
148,14.0,127.2,370.0,59.9,119.1,-1,-1,-1,-1
148,13.0,356.0,405.2,117.8,95.1,-1,-1,-1,-1
148,11.0,232.1,318.1,47.6,126.1,-1,-1,-1,-1
148,9.0,242.8,503.8,95.3,185.0,-1,-1,-1,-1
148,8.0,398.8,314.6,59.1,98.9,-1,-1,-1,-1
148,7.0,397.4,389.9,73.5,154.0,-1,-1,-1,-1
148,5.0,514.1,295.8,54.3,119.2,-1,-1,-1,-1
148,3.0,999.4,357.5,70.6,130.4,-1,-1,-1,-1
148,2.0,741.8,334.4,89.9,83.1,-1,-1,-1,-1
148,1.0,787.5,382.1,95.6,132.5,-1,-1,-1,-1
149,16.0,496.4,278.5,55.2,127.4,-1,-1,-1,-1
149,15.0,554.5,345.4,49.3,139.6,-1,-1,-1,-1
149,14.0,136.8,369.5,55.2,118.8,-1,-1,-1,-1
149,13.0,353.9,412.3,120.0,82.6,-1,-1,-1,-1
149,11.0,230.9,316.3,47.8,127.5,-1,-1,-1,-1
149,9.0,244.7,505.5,93.1,181.9,-1,-1,-1,-1
149,8.0,399.2,315.1,60.8,91.6,-1,-1,-1,-1
149,7.0,396.0,390.4,76.1,153.1,-1,-1,-1,-1
149,5.0,517.7,297.4,51.7,116.7,-1,-1,-1,-1
149,3.0,997.2,356.3,68.3,131.6,-1,-1,-1,-1
149,2.0,738.2,333.6,91.7,86.0,-1,-1,-1,-1
149,1.0,786.3,381.0,96.9,132.9,-1,-1,-1,-1
150,16.0,498.5,276.1,54.7,129.0,-1,-1,-1,-1
150,15.0,554.6,344.9,48.3,138.4,-1,-1,-1,-1
150,14.0,145.5,369.0,50.5,119.3,-1,-1,-1,-1
150,11.0,230.1,315.4,47.3,127.9,-1,-1,-1,-1
150,9.0,246.3,505.9,91.2,181.8,-1,-1,-1,-1
150,8.0,399.0,315.9,63.1,90.4,-1,-1,-1,-1
150,7.0,394.4,391.3,79.4,152.5,-1,-1,-1,-1
150,5.0,520.3,296.8,50.5,115.9,-1,-1,-1,-1
150,3.0,994.6,354.9,65.3,132.8,-1,-1,-1,-1
150,2.0,732.8,334.1,95.5,86.7,-1,-1,-1,-1
150,1.0,787.6,380.1,92.7,134.2,-1,-1,-1,-1
151,16.0,504.4,275.8,52.9,128.1,-1,-1,-1,-1
151,15.0,556.7,344.9,48.7,138.2,-1,-1,-1,-1
151,14.0,148.9,369.1,50.3,118.6,-1,-1,-1,-1
151,11.0,230.4,315.1,46.7,127.7,-1,-1,-1,-1
151,9.0,247.9,505.3,88.1,182.2,-1,-1,-1,-1
151,8.0,394.7,316.4,68.4,87.2,-1,-1,-1,-1
151,7.0,394.0,392.3,81.1,151.2,-1,-1,-1,-1
151,5.0,520.9,295.3,52.5,115.9,-1,-1,-1,-1
151,3.0,993.1,353.7,59.4,134.2,-1,-1,-1,-1
151,2.0,733.8,335.4,91.9,84.1,-1,-1,-1,-1
151,1.0,786.9,378.7,88.9,135.9,-1,-1,-1,-1
152,16.0,507.0,275.1,51.5,126.8,-1,-1,-1,-1
152,15.0,558.3,345.0,47.7,138.1,-1,-1,-1,-1
152,14.0,152.0,369.5,53.0,118.1,-1,-1,-1,-1
152,11.0,230.9,315.1,45.7,127.3,-1,-1,-1,-1
152,9.0,249.5,503.3,86.6,182.0,-1,-1,-1,-1
152,8.0,392.2,316.2,72.0,85.3,-1,-1,-1,-1
152,7.0,393.5,391.8,81.9,151.5,-1,-1,-1,-1
152,5.0,526.1,293.2,50.5,117.0,-1,-1,-1,-1
152,3.0,992.0,352.2,56.3,135.6,-1,-1,-1,-1
152,2.0,734.8,335.8,85.4,83.3,-1,-1,-1,-1
152,1.0,785.8,377.4,83.6,136.7,-1,-1,-1,-1
153,16.0,510.5,276.3,54.0,121.7,-1,-1,-1,-1
153,15.0,558.5,345.4,48.1,137.9,-1,-1,-1,-1
153,14.0,155.2,370.7,52.9,116.9,-1,-1,-1,-1
153,11.0,224.3,316.0,51.7,126.1,-1,-1,-1,-1
153,9.0,250.1,501.3,86.7,182.0,-1,-1,-1,-1
153,8.0,384.1,315.0,81.0,92.3,-1,-1,-1,-1
153,7.0,394.5,390.5,80.9,152.3,-1,-1,-1,-1
153,5.0,526.5,290.3,52.9,119.2,-1,-1,-1,-1
153,3.0,988.3,350.8,58.2,137.1,-1,-1,-1,-1
153,2.0,735.7,335.6,76.3,83.1,-1,-1,-1,-1
153,1.0,786.4,375.3,75.4,138.8,-1,-1,-1,-1
154,16.0,514.6,275.5,46.3,120.4,-1,-1,-1,-1
154,15.0,560.9,345.7,46.7,137.7,-1,-1,-1,-1
154,14.0,158.7,372.2,49.7,116.0,-1,-1,-1,-1
154,11.0,223.6,318.4,52.5,123.7,-1,-1,-1,-1
154,9.0,251.7,498.9,86.3,181.2,-1,-1,-1,-1
154,8.0,379.2,313.0,86.5,88.3,-1,-1,-1,-1
154,7.0,395.9,388.4,78.6,154.0,-1,-1,-1,-1
154,5.0,529.4,288.5,53.1,120.2,-1,-1,-1,-1
154,3.0,985.7,349.7,59.6,138.6,-1,-1,-1,-1
154,2.0,735.7,334.3,78.9,84.1,-1,-1,-1,-1
154,1.0,789.2,372.7,63.8,141.3,-1,-1,-1,-1
155,16.0,517.4,276.3,47.8,119.4,-1,-1,-1,-1
155,15.0,563.4,345.2,45.7,138.5,-1,-1,-1,-1
155,14.0,162.7,373.1,46.9,114.8,-1,-1,-1,-1
155,11.0,224.9,320.8,50.8,121.3,-1,-1,-1,-1
155,9.0,253.0,496.4,86.4,180.3,-1,-1,-1,-1
155,8.0,375.5,310.1,91.5,90.9,-1,-1,-1,-1
155,7.0,392.7,386.1,80.6,155.1,-1,-1,-1,-1
155,5.0,531.8,287.1,55.6,121.1,-1,-1,-1,-1
155,3.0,984.4,348.8,61.4,139.3,-1,-1,-1,-1
155,2.0,735.2,332.2,71.4,86.5,-1,-1,-1,-1
155,1.0,792.8,370.2,52.7,143.7,-1,-1,-1,-1
156,16.0,518.4,275.2,47.5,120.9,-1,-1,-1,-1
156,15.0,564.2,344.4,47.0,139.7,-1,-1,-1,-1
156,14.0,167.8,373.1,45.9,114.9,-1,-1,-1,-1
156,11.0,226.3,322.8,49.3,119.4,-1,-1,-1,-1
156,9.0,257.4,494.1,82.4,176.3,-1,-1,-1,-1
156,8.0,374.7,307.3,93.4,93.3,-1,-1,-1,-1
156,7.0,389.5,381.9,82.6,157.4,-1,-1,-1,-1
156,5.0,535.5,285.9,58.4,121.7,-1,-1,-1,-1
156,3.0,982.6,347.4,64.7,141.5,-1,-1,-1,-1
156,2.0,732.4,329.4,63.4,89.0,-1,-1,-1,-1
156,1.0,794.7,368.1,50.5,145.9,-1,-1,-1,-1
157,16.0,520.0,276.5,51.6,119.8,-1,-1,-1,-1
157,15.0,565.4,344.4,46.4,139.3,-1,-1,-1,-1
157,14.0,170.1,372.8,47.2,115.7,-1,-1,-1,-1
157,11.0,226.7,323.9,49.6,118.5,-1,-1,-1,-1
157,9.0,258.4,491.6,81.5,172.6,-1,-1,-1,-1
157,8.0,375.0,306.7,92.7,93.4,-1,-1,-1,-1
157,7.0,392.9,378.8,79.3,159.6,-1,-1,-1,-1
157,5.0,538.1,285.2,60.6,122.3,-1,-1,-1,-1
157,3.0,979.5,346.3,69.4,142.6,-1,-1,-1,-1
157,2.0,728.2,326.7,63.8,91.7,-1,-1,-1,-1
157,1.0,795.7,366.9,49.1,147.5,-1,-1,-1,-1
158,16.0,520.5,277.4,55.2,119.4,-1,-1,-1,-1
158,15.0,566.0,343.4,47.4,140.8,-1,-1,-1,-1
158,14.0,170.5,372.1,49.7,118.6,-1,-1,-1,-1
158,11.0,227.6,324.3,49.7,118.0,-1,-1,-1,-1
158,9.0,257.5,489.2,81.8,173.0,-1,-1,-1,-1
158,8.0,374.8,302.0,90.8,98.7,-1,-1,-1,-1
158,7.0,393.7,377.3,74.9,159.3,-1,-1,-1,-1
158,5.0,538.0,285.1,64.3,122.3,-1,-1,-1,-1
158,3.0,977.8,344.9,72.5,144.5,-1,-1,-1,-1
158,2.0,726.0,322.8,62.7,96.0,-1,-1,-1,-1
158,1.0,796.3,366.4,48.0,148.3,-1,-1,-1,-1
159,16.0,521.8,277.9,53.4,121.3,-1,-1,-1,-1
159,15.0,566.3,343.4,48.2,141.0,-1,-1,-1,-1
159,14.0,175.2,372.6,49.3,118.9,-1,-1,-1,-1
159,11.0,229.1,323.9,48.9,118.4,-1,-1,-1,-1
159,9.0,257.3,486.3,82.5,175.3,-1,-1,-1,-1
159,8.0,375.6,299.6,83.8,100.0,-1,-1,-1,-1
159,7.0,394.3,374.4,67.7,160.1,-1,-1,-1,-1
159,5.0,533.8,284.9,71.1,122.5,-1,-1,-1,-1
159,3.0,978.6,343.7,72.4,146.0,-1,-1,-1,-1
159,2.0,720.1,320.0,67.9,98.8,-1,-1,-1,-1
159,1.0,796.3,365.4,48.3,149.6,-1,-1,-1,-1
160,16.0,523.9,278.4,51.9,124.8,-1,-1,-1,-1
160,15.0,568.3,343.4,48.5,141.2,-1,-1,-1,-1
160,14.0,179.4,374.5,55.4,117.7,-1,-1,-1,-1
160,11.0,230.4,322.3,48.1,120.0,-1,-1,-1,-1
160,9.0,257.9,484.4,83.3,176.3,-1,-1,-1,-1
160,8.0,377.5,297.6,74.2,101.4,-1,-1,-1,-1
160,7.0,395.5,374.3,64.0,158.8,-1,-1,-1,-1
160,5.0,531.2,285.4,76.7,121.6,-1,-1,-1,-1
160,3.0,981.1,342.4,69.4,146.8,-1,-1,-1,-1
160,2.0,715.5,316.9,73.9,102.3,-1,-1,-1,-1
160,1.0,795.7,364.4,49.6,150.2,-1,-1,-1,-1
161,16.0,525.8,279.7,53.4,121.5,-1,-1,-1,-1
161,15.0,572.8,343.5,46.7,141.3,-1,-1,-1,-1
161,14.0,181.0,377.9,63.4,114.7,-1,-1,-1,-1
161,11.0,233.6,319.9,45.1,122.4,-1,-1,-1,-1
161,9.0,257.3,481.6,85.9,176.7,-1,-1,-1,-1
161,8.0,379.3,295.3,60.9,103.4,-1,-1,-1,-1
161,7.0,396.2,374.4,66.0,158.6,-1,-1,-1,-1
161,5.0,529.5,285.5,81.8,121.7,-1,-1,-1,-1
161,3.0,984.2,341.1,65.4,148.4,-1,-1,-1,-1
161,2.0,714.4,314.3,77.4,105.3,-1,-1,-1,-1
161,1.0,797.1,363.1,50.3,151.4,-1,-1,-1,-1
162,16.0,529.1,279.6,52.6,122.8,-1,-1,-1,-1
162,15.0,574.4,343.5,48.4,142.7,-1,-1,-1,-1
162,14.0,183.3,380.7,74.0,111.9,-1,-1,-1,-1
162,11.0,236.3,317.1,42.6,125.2,-1,-1,-1,-1
162,9.0,257.4,480.0,87.9,176.2,-1,-1,-1,-1
162,8.0,381.6,294.0,55.0,104.1,-1,-1,-1,-1
162,7.0,394.4,374.9,71.1,159.6,-1,-1,-1,-1
162,5.0,529.5,285.1,85.3,121.6,-1,-1,-1,-1
162,3.0,988.1,339.6,58.1,151.9,-1,-1,-1,-1
162,2.0,712.7,312.3,82.2,107.1,-1,-1,-1,-1
162,1.0,800.8,362.2,48.6,151.9,-1,-1,-1,-1
163,16.0,531.5,277.3,54.7,124.3,-1,-1,-1,-1
163,15.0,575.5,343.8,49.9,142.1,-1,-1,-1,-1
163,14.0,185.5,383.1,77.9,109.5,-1,-1,-1,-1
163,11.0,236.8,313.7,42.8,127.9,-1,-1,-1,-1
163,9.0,256.8,478.7,89.9,177.1,-1,-1,-1,-1
163,8.0,381.9,292.6,52.2,110.3,-1,-1,-1,-1
163,7.0,386.1,377.3,77.7,159.4,-1,-1,-1,-1
163,5.0,529.6,281.3,88.2,125.3,-1,-1,-1,-1
163,3.0,992.2,337.6,50.5,150.5,-1,-1,-1,-1
163,2.0,714.3,311.0,83.7,107.9,-1,-1,-1,-1
163,1.0,804.3,360.9,48.3,153.8,-1,-1,-1,-1
164,15.0,574.9,343.7,53.2,142.1,-1,-1,-1,-1
164,14.0,189.0,384.7,98.2,107.6,-1,-1,-1,-1
164,11.0,237.4,309.8,43.9,132.0,-1,-1,-1,-1
164,9.0,256.1,477.0,91.3,175.7,-1,-1,-1,-1
164,8.0,379.0,291.3,54.3,111.7,-1,-1,-1,-1
164,7.0,385.2,380.3,81.6,157.0,-1,-1,-1,-1
164,5.0,529.7,285.7,91.8,120.6,-1,-1,-1,-1
164,3.0,995.8,335.9,41.9,147.8,-1,-1,-1,-1
164,2.0,715.7,310.2,85.5,108.2,-1,-1,-1,-1
164,1.0,807.3,359.2,47.9,155.6,-1,-1,-1,-1
165,15.0,567.1,344.3,64.0,141.7,-1,-1,-1,-1
165,14.0,192.0,384.8,112.3,107.9,-1,-1,-1,-1
165,11.0,237.8,307.7,45.8,126.4,-1,-1,-1,-1
165,9.0,256.3,475.3,89.6,173.7,-1,-1,-1,-1
165,8.0,370.3,290.6,62.7,112.4,-1,-1,-1,-1
165,7.0,387.6,381.7,80.8,155.5,-1,-1,-1,-1
165,5.0,532.2,286.2,92.3,120.7,-1,-1,-1,-1
165,3.0,994.7,335.2,36.6,146.0,-1,-1,-1,-1
165,2.0,717.5,309.3,86.9,107.5,-1,-1,-1,-1
165,1.0,810.5,358.2,46.9,157.7,-1,-1,-1,-1
166,15.0,574.5,344.4,59.3,142.1,-1,-1,-1,-1
166,14.0,194.8,385.8,121.8,106.0,-1,-1,-1,-1
166,11.0,238.8,304.6,46.3,121.1,-1,-1,-1,-1
166,9.0,256.2,472.9,86.1,172.8,-1,-1,-1,-1
166,8.0,367.2,289.5,65.7,113.2,-1,-1,-1,-1
166,7.0,390.3,381.8,80.8,154.8,-1,-1,-1,-1
166,5.0,535.4,286.1,92.6,121.4,-1,-1,-1,-1
166,3.0,992.7,334.6,37.8,148.8,-1,-1,-1,-1
166,2.0,719.3,308.7,88.2,108.1,-1,-1,-1,-1
166,1.0,812.6,357.9,47.2,157.7,-1,-1,-1,-1
167,15.0,573.4,343.5,63.2,143.2,-1,-1,-1,-1
167,14.0,197.3,387.8,128.0,104.2,-1,-1,-1,-1
167,11.0,239.0,302.3,52.4,128.7,-1,-1,-1,-1
167,9.0,257.4,469.7,80.3,174.2,-1,-1,-1,-1
167,8.0,367.5,288.7,65.5,114.2,-1,-1,-1,-1
167,7.0,392.0,380.7,83.1,156.2,-1,-1,-1,-1
167,5.0,536.4,286.3,94.5,121.0,-1,-1,-1,-1
167,3.0,989.0,334.0,43.8,147.0,-1,-1,-1,-1
167,2.0,720.5,307.8,89.7,109.0,-1,-1,-1,-1
167,1.0,814.3,358.2,48.3,157.0,-1,-1,-1,-1
168,15.0,575.6,342.7,63.1,144.0,-1,-1,-1,-1
168,14.0,202.7,388.3,125.7,103.1,-1,-1,-1,-1
168,11.0,239.7,301.5,53.0,137.3,-1,-1,-1,-1
168,9.0,260.1,467.0,74.8,176.8,-1,-1,-1,-1
168,8.0,369.7,287.3,63.9,115.7,-1,-1,-1,-1
168,7.0,394.6,379.2,81.5,157.7,-1,-1,-1,-1
168,5.0,539.4,287.1,95.1,120.8,-1,-1,-1,-1
168,3.0,980.5,333.8,55.9,146.3,-1,-1,-1,-1
168,2.0,722.9,306.9,90.2,109.6,-1,-1,-1,-1
168,1.0,816.7,358.2,48.8,157.0,-1,-1,-1,-1
169,15.0,577.8,343.9,63.1,143.8,-1,-1,-1,-1
169,14.0,207.0,388.7,123.8,102.7,-1,-1,-1,-1
169,11.0,239.8,301.3,59.9,136.0,-1,-1,-1,-1
169,9.0,263.5,465.0,72.4,177.8,-1,-1,-1,-1
169,8.0,372.0,285.7,63.0,115.8,-1,-1,-1,-1
169,7.0,396.9,377.7,80.9,159.0,-1,-1,-1,-1
169,5.0,542.1,289.3,96.4,118.7,-1,-1,-1,-1
169,3.0,972.5,333.4,68.1,146.1,-1,-1,-1,-1
169,2.0,725.3,306.5,91.4,110.0,-1,-1,-1,-1
169,1.0,819.5,358.8,49.4,156.3,-1,-1,-1,-1
170,16.0,575.0,263.7,65.2,130.7,-1,-1,-1,-1
170,15.0,580.1,344.9,63.9,143.3,-1,-1,-1,-1
170,14.0,212.5,389.7,122.2,101.2,-1,-1,-1,-1
170,11.0,236.2,301.1,58.6,134.3,-1,-1,-1,-1
170,9.0,268.2,463.1,69.2,180.4,-1,-1,-1,-1
170,8.0,374.3,283.6,61.8,116.6,-1,-1,-1,-1
170,7.0,398.8,375.1,81.5,160.7,-1,-1,-1,-1
170,5.0,544.5,290.3,96.9,121.1,-1,-1,-1,-1
170,3.0,966.3,333.8,78.4,145.6,-1,-1,-1,-1
170,2.0,727.9,305.9,92.8,110.7,-1,-1,-1,-1
170,1.0,820.8,359.5,51.2,157.2,-1,-1,-1,-1
171,16.0,589.0,262.0,59.2,133.6,-1,-1,-1,-1
171,15.0,582.5,345.8,62.8,142.4,-1,-1,-1,-1
171,14.0,217.7,388.7,132.1,102.8,-1,-1,-1,-1
171,11.0,230.2,300.6,64.3,133.4,-1,-1,-1,-1
171,9.0,271.0,461.8,67.8,182.0,-1,-1,-1,-1
171,8.0,376.6,281.2,61.0,117.1,-1,-1,-1,-1
171,7.0,400.9,373.4,82.2,162.6,-1,-1,-1,-1
171,5.0,547.6,291.5,99.2,124.7,-1,-1,-1,-1
171,3.0,964.0,334.0,84.3,145.5,-1,-1,-1,-1
171,2.0,730.0,305.3,94.4,111.4,-1,-1,-1,-1
171,1.0,823.9,360.3,50.9,156.4,-1,-1,-1,-1
172,16.0,597.6,260.0,55.8,131.3,-1,-1,-1,-1
172,15.0,585.0,345.8,61.5,142.3,-1,-1,-1,-1
172,14.0,224.7,387.8,136.9,103.2,-1,-1,-1,-1
172,13.0,382.0,403.4,97.3,69.6,-1,-1,-1,-1
172,11.0,225.0,299.4,72.8,132.4,-1,-1,-1,-1
172,9.0,272.8,460.4,68.2,183.5,-1,-1,-1,-1
172,8.0,379.2,279.3,60.7,117.3,-1,-1,-1,-1
172,7.0,402.6,371.7,83.8,162.6,-1,-1,-1,-1
172,5.0,552.1,292.6,99.9,128.4,-1,-1,-1,-1
172,3.0,965.7,333.9,86.6,146.5,-1,-1,-1,-1
172,2.0,731.9,304.7,95.6,111.9,-1,-1,-1,-1
172,1.0,827.1,361.2,50.0,156.0,-1,-1,-1,-1
173,16.0,598.6,259.4,59.5,128.0,-1,-1,-1,-1
173,15.0,585.8,343.0,61.5,145.1,-1,-1,-1,-1
173,14.0,232.4,386.0,140.4,103.3,-1,-1,-1,-1
173,11.0,221.3,298.2,82.3,131.8,-1,-1,-1,-1
173,9.0,274.3,459.8,68.8,183.7,-1,-1,-1,-1
173,8.0,382.2,276.6,60.0,119.0,-1,-1,-1,-1
173,7.0,405.5,369.9,82.6,163.5,-1,-1,-1,-1
173,5.0,554.7,294.2,101.3,129.2,-1,-1,-1,-1
173,3.0,968.7,333.7,85.7,145.7,-1,-1,-1,-1
173,2.0,733.8,303.9,97.6,112.6,-1,-1,-1,-1
173,1.0,830.6,361.4,49.0,156.2,-1,-1,-1,-1
174,16.0,606.0,258.3,58.7,129.7,-1,-1,-1,-1
174,15.0,586.9,341.4,60.6,146.5,-1,-1,-1,-1
174,14.0,238.9,386.2,140.5,101.8,-1,-1,-1,-1
174,11.0,220.0,296.6,84.8,131.6,-1,-1,-1,-1
174,9.0,275.0,459.3,70.7,184.6,-1,-1,-1,-1
174,8.0,386.6,274.3,58.3,120.0,-1,-1,-1,-1
174,7.0,407.4,368.4,83.4,165.2,-1,-1,-1,-1
174,5.0,557.3,295.0,103.4,127.4,-1,-1,-1,-1
174,3.0,972.9,332.6,83.3,145.4,-1,-1,-1,-1
174,2.0,736.4,303.2,99.0,113.2,-1,-1,-1,-1
174,1.0,834.2,360.9,48.7,156.8,-1,-1,-1,-1
175,16.0,622.1,257.3,49.3,133.6,-1,-1,-1,-1
175,15.0,591.5,341.6,54.7,146.5,-1,-1,-1,-1
175,14.0,246.9,376.0,137.4,111.2,-1,-1,-1,-1
175,13.0,386.8,408.7,87.2,56.9,-1,-1,-1,-1
175,11.0,219.7,295.3,87.4,132.5,-1,-1,-1,-1
175,9.0,275.6,458.2,72.5,181.6,-1,-1,-1,-1
175,8.0,394.6,272.0,52.7,121.0,-1,-1,-1,-1
175,7.0,408.5,366.9,84.5,166.3,-1,-1,-1,-1
175,5.0,559.6,294.7,105.2,127.3,-1,-1,-1,-1
175,3.0,976.3,331.9,78.2,146.1,-1,-1,-1,-1
175,2.0,739.4,302.9,99.3,113.6,-1,-1,-1,-1
175,1.0,837.9,359.7,47.8,158.4,-1,-1,-1,-1
176,16.0,602.0,257.7,74.9,132.8,-1,-1,-1,-1
176,15.0,589.9,340.6,51.7,147.2,-1,-1,-1,-1
176,14.0,254.1,366.7,130.3,121.1,-1,-1,-1,-1
176,13.0,388.6,407.3,85.2,57.8,-1,-1,-1,-1
176,11.0,220.8,293.8,84.5,134.0,-1,-1,-1,-1
176,9.0,275.3,456.4,74.1,182.7,-1,-1,-1,-1
176,8.0,399.8,269.3,49.4,123.3,-1,-1,-1,-1
176,7.0,408.9,366.1,84.6,166.9,-1,-1,-1,-1
176,5.0,562.4,293.5,97.0,128.6,-1,-1,-1,-1
176,3.0,980.1,330.7,71.4,146.8,-1,-1,-1,-1
176,2.0,741.7,302.5,99.8,114.0,-1,-1,-1,-1
176,1.0,841.4,358.9,47.2,159.8,-1,-1,-1,-1
177,16.0,608.7,258.2,72.9,133.1,-1,-1,-1,-1
177,15.0,592.2,339.6,46.9,147.9,-1,-1,-1,-1
177,14.0,267.7,364.4,115.9,121.3,-1,-1,-1,-1
177,13.0,389.8,405.6,85.3,55.5,-1,-1,-1,-1
177,11.0,222.5,292.7,76.3,135.2,-1,-1,-1,-1
177,9.0,271.1,454.7,79.8,184.8,-1,-1,-1,-1
177,8.0,404.3,267.7,47.1,123.7,-1,-1,-1,-1
177,7.0,411.0,364.9,83.5,168.0,-1,-1,-1,-1
177,5.0,566.1,292.8,98.1,129.3,-1,-1,-1,-1
177,3.0,983.6,329.9,63.5,148.4,-1,-1,-1,-1
177,2.0,744.1,301.7,100.2,114.6,-1,-1,-1,-1
177,1.0,844.9,358.4,46.5,160.9,-1,-1,-1,-1
178,16.0,619.6,261.2,71.7,131.2,-1,-1,-1,-1
178,15.0,592.1,340.0,47.3,147.2,-1,-1,-1,-1
178,14.0,292.8,365.3,89.1,120.2,-1,-1,-1,-1
178,13.0,391.4,403.6,86.6,58.4,-1,-1,-1,-1
178,11.0,223.2,291.5,65.3,136.5,-1,-1,-1,-1
178,9.0,273.0,451.4,79.1,182.2,-1,-1,-1,-1
178,8.0,406.4,267.0,46.9,124.3,-1,-1,-1,-1
178,7.0,412.2,364.8,83.5,168.5,-1,-1,-1,-1
178,5.0,570.7,291.2,88.3,131.5,-1,-1,-1,-1
178,3.0,987.0,329.2,54.5,149.5,-1,-1,-1,-1
178,2.0,746.2,300.9,100.8,116.0,-1,-1,-1,-1
178,1.0,847.3,357.9,47.4,162.1,-1,-1,-1,-1
179,16.0,621.2,261.5,76.7,132.1,-1,-1,-1,-1
179,15.0,597.8,342.0,39.8,145.5,-1,-1,-1,-1
179,14.0,298.0,374.0,82.5,109.1,-1,-1,-1,-1
179,13.0,393.1,401.5,85.8,59.6,-1,-1,-1,-1
179,11.0,223.6,289.9,52.8,138.2,-1,-1,-1,-1
179,9.0,275.2,449.3,76.9,183.4,-1,-1,-1,-1
179,8.0,407.3,266.7,47.2,124.7,-1,-1,-1,-1
179,7.0,414.2,363.6,81.3,169.9,-1,-1,-1,-1
179,5.0,572.6,289.7,86.7,132.7,-1,-1,-1,-1
179,3.0,989.3,328.5,46.0,150.3,-1,-1,-1,-1
179,2.0,748.2,299.5,101.6,117.5,-1,-1,-1,-1
179,1.0,850.1,357.7,47.2,162.3,-1,-1,-1,-1
180,16.0,622.5,263.1,80.6,130.7,-1,-1,-1,-1
180,15.0,598.4,344.5,39.5,144.1,-1,-1,-1,-1
180,14.0,297.3,381.6,85.2,100.8,-1,-1,-1,-1
180,13.0,393.6,398.9,86.0,62.5,-1,-1,-1,-1
180,11.0,224.2,288.0,40.7,140.1,-1,-1,-1,-1
180,9.0,275.7,448.1,76.3,181.9,-1,-1,-1,-1
180,8.0,408.0,266.9,47.2,124.7,-1,-1,-1,-1
180,7.0,416.2,363.5,81.8,170.4,-1,-1,-1,-1
180,5.0,576.3,288.3,84.6,134.1,-1,-1,-1,-1
180,3.0,982.9,328.0,45.6,151.0,-1,-1,-1,-1
180,2.0,754.4,298.6,96.8,119.1,-1,-1,-1,-1
180,1.0,851.8,357.3,47.5,163.5,-1,-1,-1,-1
181,16.0,634.8,263.8,71.0,130.8,-1,-1,-1,-1
181,15.0,597.6,347.1,41.5,143.6,-1,-1,-1,-1
181,14.0,318.1,385.7,67.8,96.5,-1,-1,-1,-1
181,13.0,394.4,396.9,91.6,64.8,-1,-1,-1,-1
181,11.0,222.8,286.7,36.9,141.4,-1,-1,-1,-1
181,9.0,275.8,447.2,76.2,183.5,-1,-1,-1,-1
181,8.0,409.1,266.5,47.4,126.2,-1,-1,-1,-1
181,7.0,419.1,364.3,79.8,169.9,-1,-1,-1,-1
181,5.0,581.4,288.0,81.0,134.4,-1,-1,-1,-1
181,3.0,977.7,327.3,77.3,152.8,-1,-1,-1,-1
181,2.0,763.4,296.5,90.3,121.0,-1,-1,-1,-1
181,1.0,852.2,357.5,48.8,163.5,-1,-1,-1,-1
182,16.0,641.4,264.1,67.4,130.7,-1,-1,-1,-1
182,15.0,598.3,349.5,41.1,142.9,-1,-1,-1,-1
182,14.0,318.6,384.6,70.6,97.0,-1,-1,-1,-1
182,13.0,395.8,395.6,90.7,66.4,-1,-1,-1,-1
182,11.0,215.2,285.7,37.2,142.4,-1,-1,-1,-1
182,9.0,276.5,447.3,75.4,184.8,-1,-1,-1,-1
182,8.0,410.9,266.7,47.0,126.2,-1,-1,-1,-1
182,7.0,420.8,364.1,78.2,171.2,-1,-1,-1,-1
182,5.0,592.3,288.2,72.4,134.7,-1,-1,-1,-1
182,3.0,973.1,327.8,53.6,152.3,-1,-1,-1,-1
182,2.0,771.8,295.5,83.7,122.7,-1,-1,-1,-1
182,1.0,851.9,357.4,51.8,164.4,-1,-1,-1,-1
183,16.0,653.1,263.6,61.1,131.5,-1,-1,-1,-1
183,15.0,600.8,350.8,40.0,144.2,-1,-1,-1,-1
183,14.0,318.8,384.2,75.4,95.6,-1,-1,-1,-1
183,13.0,397.7,393.7,91.4,69.1,-1,-1,-1,-1
183,11.0,206.3,284.9,43.8,143.1,-1,-1,-1,-1
183,9.0,277.3,447.6,75.2,184.2,-1,-1,-1,-1
183,8.0,413.8,265.5,45.7,127.4,-1,-1,-1,-1
183,7.0,423.6,364.2,77.8,171.1,-1,-1,-1,-1
183,5.0,601.8,289.2,65.2,133.8,-1,-1,-1,-1
183,3.0,971.5,327.7,56.9,153.1,-1,-1,-1,-1
183,2.0,783.1,292.9,76.0,125.6,-1,-1,-1,-1
183,1.0,854.0,357.6,54.6,165.0,-1,-1,-1,-1
184,16.0,663.4,263.1,56.8,131.8,-1,-1,-1,-1
184,15.0,605.0,350.1,38.8,146.7,-1,-1,-1,-1
184,14.0,325.7,383.6,82.2,97.1,-1,-1,-1,-1
184,13.0,400.4,391.1,92.8,73.0,-1,-1,-1,-1
184,11.0,197.2,284.6,53.8,143.9,-1,-1,-1,-1
184,9.0,277.9,447.6,76.0,185.8,-1,-1,-1,-1
184,8.0,417.0,264.6,43.8,130.8,-1,-1,-1,-1
184,7.0,426.1,364.2,78.1,170.9,-1,-1,-1,-1
184,5.0,612.0,289.8,57.6,133.6,-1,-1,-1,-1
184,3.0,970.1,327.8,62.5,153.6,-1,-1,-1,-1
184,2.0,792.2,291.4,71.4,127.5,-1,-1,-1,-1
184,1.0,856.7,357.3,59.2,165.7,-1,-1,-1,-1
185,16.0,675.5,261.5,52.0,133.9,-1,-1,-1,-1
185,15.0,610.5,349.4,39.1,149.3,-1,-1,-1,-1
185,14.0,337.5,383.3,72.9,98.0,-1,-1,-1,-1
185,11.0,193.2,284.3,59.9,144.1,-1,-1,-1,-1
185,9.0,279.4,447.7,75.5,185.8,-1,-1,-1,-1
185,8.0,420.8,262.9,41.9,133.8,-1,-1,-1,-1
185,7.0,429.3,364.9,78.4,169.0,-1,-1,-1,-1
185,5.0,617.9,289.8,54.3,134.5,-1,-1,-1,-1
185,3.0,966.1,327.8,71.8,154.3,-1,-1,-1,-1
185,2.0,797.7,290.8,69.5,128.2,-1,-1,-1,-1
185,1.0,864.3,356.9,58.6,166.8,-1,-1,-1,-1
186,16.0,688.5,259.5,46.2,136.4,-1,-1,-1,-1
186,15.0,614.8,349.3,41.2,150.8,-1,-1,-1,-1
186,14.0,348.1,382.8,69.3,101.0,-1,-1,-1,-1
186,11.0,191.9,284.2,64.1,144.3,-1,-1,-1,-1
186,9.0,280.8,447.1,75.3,186.0,-1,-1,-1,-1
186,8.0,423.9,261.4,42.1,139.6,-1,-1,-1,-1
186,7.0,433.4,363.4,77.0,168.4,-1,-1,-1,-1
186,5.0,621.8,289.9,52.5,136.0,-1,-1,-1,-1
186,3.0,966.5,327.5,75.9,155.1,-1,-1,-1,-1
186,2.0,804.8,290.1,67.2,129.2,-1,-1,-1,-1
186,1.0,872.8,356.9,56.6,167.3,-1,-1,-1,-1
187,17.0,410.8,384.0,92.9,82.1,-1,-1,-1,-1
187,16.0,696.4,259.7,43.2,135.8,-1,-1,-1,-1
187,15.0,618.2,349.8,41.8,151.8,-1,-1,-1,-1
187,14.0,360.8,382.0,60.3,99.4,-1,-1,-1,-1
187,11.0,192.5,284.3,65.8,144.1,-1,-1,-1,-1
187,9.0,281.9,447.1,75.0,186.4,-1,-1,-1,-1
187,8.0,426.4,260.7,42.7,140.2,-1,-1,-1,-1
187,7.0,437.5,362.7,77.2,169.2,-1,-1,-1,-1
187,5.0,624.7,289.8,48.0,137.0,-1,-1,-1,-1
187,3.0,968.3,327.4,77.3,155.4,-1,-1,-1,-1
187,2.0,810.2,289.5,65.1,130.1,-1,-1,-1,-1
187,1.0,876.0,356.6,58.7,168.1,-1,-1,-1,-1
188,17.0,413.8,381.9,95.7,84.6,-1,-1,-1,-1
188,16.0,701.8,259.9,44.6,135.6,-1,-1,-1,-1
188,15.0,617.9,351.1,47.0,152.0,-1,-1,-1,-1
188,14.0,363.7,380.5,59.5,99.7,-1,-1,-1,-1
188,11.0,192.6,283.8,67.6,144.7,-1,-1,-1,-1
188,9.0,282.2,446.8,75.0,185.8,-1,-1,-1,-1
188,8.0,428.8,260.1,43.3,140.1,-1,-1,-1,-1
188,7.0,441.7,362.1,78.0,178.4,-1,-1,-1,-1
188,5.0,626.7,289.4,42.8,140.8,-1,-1,-1,-1
188,3.0,971.2,327.4,77.2,155.7,-1,-1,-1,-1
188,2.0,815.0,289.1,63.7,130.9,-1,-1,-1,-1
188,1.0,879.0,356.3,59.4,168.8,-1,-1,-1,-1
189,17.0,416.4,380.6,95.4,85.9,-1,-1,-1,-1
189,16.0,705.9,260.1,46.5,136.2,-1,-1,-1,-1
189,15.0,617.7,351.9,51.7,152.5,-1,-1,-1,-1
189,14.0,365.5,380.0,60.5,99.5,-1,-1,-1,-1
189,11.0,193.6,283.5,67.5,145.1,-1,-1,-1,-1
189,9.0,281.6,445.4,75.8,185.9,-1,-1,-1,-1
189,8.0,429.8,259.5,45.2,141.2,-1,-1,-1,-1
189,7.0,447.9,361.4,75.9,174.0,-1,-1,-1,-1
189,5.0,628.5,289.8,40.5,143.6,-1,-1,-1,-1
189,3.0,973.6,326.8,76.1,156.3,-1,-1,-1,-1
189,2.0,817.6,288.5,64.3,131.3,-1,-1,-1,-1
189,1.0,881.5,355.9,59.6,169.6,-1,-1,-1,-1
190,17.0,417.8,378.8,95.3,88.4,-1,-1,-1,-1
190,16.0,709.8,261.0,51.5,138.1,-1,-1,-1,-1
190,15.0,618.6,354.3,54.4,150.2,-1,-1,-1,-1
190,14.0,366.4,379.5,64.0,99.9,-1,-1,-1,-1
190,11.0,193.9,283.0,67.3,145.3,-1,-1,-1,-1
190,9.0,280.3,444.1,76.8,187.3,-1,-1,-1,-1
190,8.0,430.4,258.5,46.4,142.3,-1,-1,-1,-1
190,7.0,454.5,360.4,73.1,171.3,-1,-1,-1,-1
190,5.0,629.4,290.4,41.4,140.6,-1,-1,-1,-1
190,3.0,975.5,326.4,72.9,156.8,-1,-1,-1,-1
190,2.0,819.9,288.1,64.0,132.1,-1,-1,-1,-1
190,1.0,884.0,355.7,60.2,170.4,-1,-1,-1,-1
191,17.0,416.6,378.1,98.2,89.0,-1,-1,-1,-1
191,16.0,714.2,262.1,57.0,138.0,-1,-1,-1,-1
191,15.0,619.2,357.3,56.9,148.2,-1,-1,-1,-1
191,14.0,367.6,379.3,66.2,100.2,-1,-1,-1,-1
191,11.0,193.7,282.5,67.8,145.3,-1,-1,-1,-1
191,9.0,278.9,443.3,78.2,186.7,-1,-1,-1,-1
191,8.0,430.7,257.2,47.2,143.8,-1,-1,-1,-1
191,7.0,459.8,360.0,71.9,171.9,-1,-1,-1,-1
191,5.0,626.1,291.4,46.2,144.0,-1,-1,-1,-1
191,3.0,976.9,325.6,68.2,157.7,-1,-1,-1,-1
191,2.0,821.7,287.9,63.9,132.2,-1,-1,-1,-1
191,1.0,886.0,355.2,60.5,171.3,-1,-1,-1,-1
192,17.0,416.3,378.0,98.2,90.1,-1,-1,-1,-1
192,16.0,717.9,263.6,61.2,136.8,-1,-1,-1,-1
192,15.0,616.5,360.8,61.8,144.6,-1,-1,-1,-1
192,14.0,368.5,379.0,68.8,100.3,-1,-1,-1,-1
192,11.0,193.6,281.6,68.0,146.0,-1,-1,-1,-1
192,9.0,277.7,443.2,79.6,185.0,-1,-1,-1,-1
192,8.0,430.3,256.4,48.4,144.2,-1,-1,-1,-1
192,7.0,466.8,359.5,67.9,173.0,-1,-1,-1,-1
192,5.0,621.2,293.4,51.9,143.3,-1,-1,-1,-1
192,3.0,979.4,324.5,61.0,157.0,-1,-1,-1,-1
192,2.0,823.3,287.8,64.2,132.3,-1,-1,-1,-1
192,1.0,888.5,355.0,61.1,171.3,-1,-1,-1,-1
193,17.0,416.6,378.5,99.8,95.5,-1,-1,-1,-1
193,16.0,719.4,264.8,64.3,137.7,-1,-1,-1,-1
193,15.0,612.8,363.0,68.5,142.4,-1,-1,-1,-1
193,14.0,369.4,378.9,72.9,100.2,-1,-1,-1,-1
193,11.0,194.1,280.8,65.6,146.4,-1,-1,-1,-1
193,9.0,276.0,442.5,80.0,183.7,-1,-1,-1,-1
193,8.0,428.7,253.6,49.6,146.9,-1,-1,-1,-1
193,7.0,473.3,358.8,63.8,173.5,-1,-1,-1,-1
193,5.0,616.6,295.6,57.5,142.6,-1,-1,-1,-1
193,3.0,981.2,323.1,53.5,157.4,-1,-1,-1,-1
193,2.0,825.1,287.4,64.4,133.0,-1,-1,-1,-1
193,1.0,891.0,354.8,62.0,171.6,-1,-1,-1,-1
194,17.0,418.0,378.4,99.6,102.7,-1,-1,-1,-1
194,16.0,721.1,266.8,65.0,140.5,-1,-1,-1,-1
194,15.0,613.4,363.7,71.5,142.1,-1,-1,-1,-1
194,14.0,370.1,378.8,74.4,100.6,-1,-1,-1,-1
194,11.0,194.0,280.4,62.1,147.4,-1,-1,-1,-1
194,9.0,273.6,442.0,79.2,185.2,-1,-1,-1,-1
194,8.0,425.5,253.2,52.6,147.8,-1,-1,-1,-1
194,7.0,479.3,358.0,60.3,175.2,-1,-1,-1,-1
194,5.0,612.8,297.2,62.2,144.5,-1,-1,-1,-1
194,3.0,982.6,322.1,45.5,157.1,-1,-1,-1,-1
194,2.0,826.1,287.6,64.7,133.1,-1,-1,-1,-1
194,1.0,895.0,354.5,61.4,171.6,-1,-1,-1,-1
195,17.0,420.7,379.1,97.4,100.0,-1,-1,-1,-1
195,16.0,723.0,267.9,64.5,141.9,-1,-1,-1,-1
195,15.0,620.2,363.0,68.2,143.1,-1,-1,-1,-1
195,14.0,370.4,378.0,74.2,101.4,-1,-1,-1,-1
195,11.0,193.8,279.9,58.0,148.3,-1,-1,-1,-1
195,9.0,270.7,441.2,79.4,187.1,-1,-1,-1,-1
195,8.0,421.7,253.4,56.0,147.5,-1,-1,-1,-1
195,7.0,480.9,357.6,60.8,176.2,-1,-1,-1,-1
195,5.0,608.2,298.2,68.5,148.9,-1,-1,-1,-1
195,3.0,983.4,321.5,41.9,160.8,-1,-1,-1,-1
195,2.0,825.6,288.0,67.4,132.9,-1,-1,-1,-1
195,1.0,897.5,354.0,61.8,171.8,-1,-1,-1,-1
196,17.0,428.1,379.4,91.1,99.9,-1,-1,-1,-1
196,16.0,725.6,268.6,68.4,142.7,-1,-1,-1,-1
196,15.0,625.8,360.6,67.9,150.1,-1,-1,-1,-1
196,14.0,370.8,377.5,74.5,102.4,-1,-1,-1,-1
196,11.0,193.8,279.4,51.8,149.4,-1,-1,-1,-1
196,9.0,268.6,440.7,79.0,188.5,-1,-1,-1,-1
196,8.0,417.0,252.7,59.2,149.2,-1,-1,-1,-1
196,7.0,483.5,357.6,60.3,176.1,-1,-1,-1,-1
196,5.0,604.0,298.8,74.2,151.3,-1,-1,-1,-1
196,3.0,978.0,321.5,46.8,160.0,-1,-1,-1,-1
196,2.0,823.8,288.2,70.8,132.8,-1,-1,-1,-1
196,1.0,899.6,353.3,62.5,173.3,-1,-1,-1,-1
197,17.0,430.8,380.2,91.8,101.0,-1,-1,-1,-1
197,16.0,729.7,268.7,72.1,143.2,-1,-1,-1,-1
197,15.0,629.3,359.1,70.2,156.7,-1,-1,-1,-1
197,14.0,371.2,376.3,75.5,103.9,-1,-1,-1,-1
197,11.0,193.7,278.8,46.0,149.7,-1,-1,-1,-1
197,9.0,266.5,440.0,79.4,189.4,-1,-1,-1,-1
197,8.0,411.9,247.3,63.3,153.7,-1,-1,-1,-1
197,7.0,485.4,357.2,61.0,177.2,-1,-1,-1,-1
197,5.0,602.4,299.4,77.5,151.4,-1,-1,-1,-1
197,3.0,972.3,321.2,50.8,160.2,-1,-1,-1,-1
197,2.0,819.6,289.0,76.8,132.0,-1,-1,-1,-1
197,1.0,903.3,352.5,61.3,174.1,-1,-1,-1,-1
198,17.0,424.9,380.5,100.1,100.4,-1,-1,-1,-1
198,16.0,736.1,268.7,76.2,143.8,-1,-1,-1,-1
198,15.0,632.3,358.5,71.8,161.6,-1,-1,-1,-1
198,14.0,371.2,375.2,76.9,105.7,-1,-1,-1,-1
198,11.0,193.4,278.5,41.5,151.2,-1,-1,-1,-1
198,9.0,264.1,441.8,80.0,188.2,-1,-1,-1,-1
198,8.0,407.3,238.2,65.9,163.3,-1,-1,-1,-1
198,7.0,487.3,356.5,61.9,178.8,-1,-1,-1,-1
198,5.0,602.3,299.5,81.6,151.6,-1,-1,-1,-1
198,3.0,970.8,321.2,52.2,160.0,-1,-1,-1,-1
198,2.0,819.6,288.1,78.6,133.1,-1,-1,-1,-1
198,1.0,905.8,351.7,60.7,175.4,-1,-1,-1,-1
199,17.0,425.1,381.2,107.6,100.8,-1,-1,-1,-1
199,16.0,741.2,268.6,83.3,144.0,-1,-1,-1,-1
199,15.0,635.6,358.8,74.7,165.5,-1,-1,-1,-1
199,14.0,371.3,374.3,78.2,107.3,-1,-1,-1,-1
199,11.0,193.5,278.5,37.4,152.3,-1,-1,-1,-1
199,9.0,262.8,442.7,80.1,186.1,-1,-1,-1,-1
199,8.0,403.6,234.7,67.0,166.6,-1,-1,-1,-1
199,7.0,490.3,356.2,61.4,179.6,-1,-1,-1,-1
199,5.0,600.3,299.3,85.9,151.5,-1,-1,-1,-1
199,3.0,964.4,321.7,58.4,158.2,-1,-1,-1,-1
199,2.0,817.0,285.6,83.1,135.9,-1,-1,-1,-1
199,1.0,907.1,351.6,61.6,176.1,-1,-1,-1,-1
200,17.0,426.3,381.9,109.8,99.9,-1,-1,-1,-1
200,16.0,745.3,267.6,80.4,144.9,-1,-1,-1,-1
200,15.0,639.6,360.9,74.9,165.7,-1,-1,-1,-1
200,14.0,371.2,373.3,80.0,109.1,-1,-1,-1,-1
200,11.0,193.3,278.5,34.8,153.4,-1,-1,-1,-1
200,9.0,262.7,442.8,77.8,187.5,-1,-1,-1,-1
200,8.0,400.3,229.6,68.3,171.8,-1,-1,-1,-1
200,7.0,492.4,356.3,61.5,179.0,-1,-1,-1,-1
200,5.0,599.5,299.4,90.4,152.1,-1,-1,-1,-1
200,3.0,959.7,321.9,65.9,157.6,-1,-1,-1,-1
200,2.0,819.0,277.3,82.2,144.2,-1,-1,-1,-1
200,1.0,908.2,351.6,62.1,176.3,-1,-1,-1,-1
201,17.0,426.4,382.5,109.4,99.3,-1,-1,-1,-1
201,16.0,748.1,266.9,78.0,145.6,-1,-1,-1,-1
201,15.0,645.0,364.2,75.1,163.3,-1,-1,-1,-1
201,14.0,371.4,372.5,80.8,110.1,-1,-1,-1,-1
201,11.0,193.2,278.3,33.3,154.9,-1,-1,-1,-1
201,9.0,262.3,442.3,76.6,190.5,-1,-1,-1,-1
201,8.0,400.2,228.5,67.4,173.0,-1,-1,-1,-1
201,7.0,494.0,355.7,62.2,179.9,-1,-1,-1,-1
201,5.0,600.2,299.5,91.7,152.6,-1,-1,-1,-1
201,3.0,959.6,321.8,67.6,157.8,-1,-1,-1,-1
201,2.0,822.8,270.6,79.0,151.3,-1,-1,-1,-1
201,1.0,909.6,351.8,62.5,176.8,-1,-1,-1,-1
202,17.0,425.9,382.4,108.9,99.8,-1,-1,-1,-1
202,16.0,751.2,265.4,72.6,146.9,-1,-1,-1,-1
202,15.0,652.6,366.7,88.8,161.5,-1,-1,-1,-1
202,14.0,372.6,372.2,80.5,110.9,-1,-1,-1,-1
202,11.0,193.2,278.5,32.5,156.1,-1,-1,-1,-1
202,9.0,259.3,442.2,78.7,190.4,-1,-1,-1,-1
202,8.0,412.8,230.5,56.1,170.4,-1,-1,-1,-1
202,7.0,496.3,354.5,62.2,181.0,-1,-1,-1,-1
202,5.0,601.1,300.1,93.9,152.3,-1,-1,-1,-1
202,3.0,960.4,322.2,68.7,157.4,-1,-1,-1,-1
202,2.0,828.5,270.2,73.0,152.1,-1,-1,-1,-1
202,1.0,910.8,351.7,62.7,177.6,-1,-1,-1,-1
203,17.0,428.1,382.8,111.1,100.7,-1,-1,-1,-1
203,16.0,754.1,264.7,71.0,148.9,-1,-1,-1,-1
203,15.0,662.7,366.9,92.2,161.6,-1,-1,-1,-1
203,14.0,374.6,372.3,78.9,110.3,-1,-1,-1,-1
203,11.0,192.8,278.7,32.7,156.2,-1,-1,-1,-1
203,9.0,256.2,442.0,80.2,190.6,-1,-1,-1,-1
203,8.0,428.5,235.2,40.7,166.2,-1,-1,-1,-1
203,7.0,499.7,353.6,61.6,181.6,-1,-1,-1,-1
203,5.0,603.7,300.8,94.1,156.5,-1,-1,-1,-1
203,3.0,962.4,322.7,68.4,157.5,-1,-1,-1,-1
203,2.0,831.5,266.3,69.6,156.9,-1,-1,-1,-1
203,1.0,912.3,351.7,62.0,178.0,-1,-1,-1,-1
204,17.0,432.5,383.8,109.3,99.6,-1,-1,-1,-1
204,16.0,757.4,264.5,72.6,153.3,-1,-1,-1,-1
204,15.0,672.8,365.1,93.3,163.6,-1,-1,-1,-1
204,14.0,376.5,372.0,77.0,110.9,-1,-1,-1,-1
204,11.0,192.2,279.0,32.5,157.3,-1,-1,-1,-1
204,9.0,253.5,441.5,81.2,192.6,-1,-1,-1,-1
204,8.0,425.2,237.1,44.9,163.9,-1,-1,-1,-1
204,7.0,502.3,352.1,61.0,183.3,-1,-1,-1,-1
204,5.0,607.8,302.0,94.5,158.1,-1,-1,-1,-1
204,3.0,965.3,322.4,67.2,157.7,-1,-1,-1,-1
204,2.0,832.9,266.7,72.9,157.3,-1,-1,-1,-1
204,1.0,912.8,351.6,62.2,178.4,-1,-1,-1,-1
205,17.0,437.0,384.3,108.6,99.4,-1,-1,-1,-1
205,16.0,759.5,265.7,73.9,155.9,-1,-1,-1,-1
205,15.0,676.8,362.0,95.4,167.5,-1,-1,-1,-1
205,14.0,377.1,372.3,77.3,110.7,-1,-1,-1,-1
205,11.0,191.6,279.8,32.0,157.4,-1,-1,-1,-1
205,9.0,253.1,441.0,79.5,192.8,-1,-1,-1,-1
205,8.0,430.6,236.4,39.4,163.5,-1,-1,-1,-1
205,7.0,504.3,349.2,60.2,185.9,-1,-1,-1,-1
205,5.0,610.5,303.6,95.1,158.6,-1,-1,-1,-1
205,3.0,964.7,322.4,69.3,157.8,-1,-1,-1,-1
205,2.0,835.6,267.3,74.9,159.2,-1,-1,-1,-1
205,1.0,912.4,351.3,63.3,178.3,-1,-1,-1,-1
206,17.0,439.6,385.0,110.9,98.7,-1,-1,-1,-1
206,16.0,761.9,267.3,74.2,159.2,-1,-1,-1,-1
206,15.0,679.6,358.4,98.0,171.3,-1,-1,-1,-1
206,14.0,377.1,371.7,74.7,112.3,-1,-1,-1,-1
206,11.0,191.2,279.8,31.4,157.6,-1,-1,-1,-1
206,9.0,255.7,440.4,73.8,192.6,-1,-1,-1,-1
206,8.0,429.7,236.0,41.4,160.7,-1,-1,-1,-1
206,7.0,507.1,347.8,58.4,187.5,-1,-1,-1,-1
206,5.0,615.6,304.9,94.8,159.3,-1,-1,-1,-1
206,3.0,964.3,322.3,70.0,158.0,-1,-1,-1,-1
206,2.0,836.8,274.3,78.2,153.9,-1,-1,-1,-1
206,1.0,911.4,350.7,65.7,177.7,-1,-1,-1,-1
207,17.0,441.0,385.2,109.1,98.4,-1,-1,-1,-1
207,16.0,764.6,268.1,74.3,162.8,-1,-1,-1,-1
207,15.0,684.4,356.3,95.7,173.7,-1,-1,-1,-1
207,14.0,376.4,371.0,76.3,114.0,-1,-1,-1,-1
207,11.0,190.1,279.6,31.9,158.1,-1,-1,-1,-1
207,9.0,260.5,440.1,65.8,196.3,-1,-1,-1,-1
207,8.0,429.1,232.0,42.3,163.4,-1,-1,-1,-1
207,7.0,508.9,345.4,58.5,187.6,-1,-1,-1,-1
207,5.0,618.6,306.0,96.6,160.5,-1,-1,-1,-1
207,3.0,964.7,322.1,68.0,158.9,-1,-1,-1,-1
207,2.0,839.6,275.9,79.1,155.1,-1,-1,-1,-1
207,1.0,910.7,349.7,69.0,178.2,-1,-1,-1,-1
208,17.0,441.1,385.9,112.6,97.7,-1,-1,-1,-1
208,16.0,767.5,271.0,72.9,157.6,-1,-1,-1,-1
208,15.0,688.3,356.0,96.0,172.3,-1,-1,-1,-1
208,14.0,375.3,370.3,78.1,115.0,-1,-1,-1,-1
208,11.0,188.8,279.8,32.2,158.1,-1,-1,-1,-1
208,9.0,266.9,440.1,56.7,190.7,-1,-1,-1,-1
208,8.0,428.6,221.4,42.5,172.0,-1,-1,-1,-1
208,7.0,511.3,343.3,56.9,174.7,-1,-1,-1,-1
208,5.0,626.2,307.2,95.8,161.3,-1,-1,-1,-1
208,3.0,965.4,322.0,65.3,159.7,-1,-1,-1,-1
208,2.0,843.5,284.3,78.7,147.3,-1,-1,-1,-1
208,1.0,910.6,348.0,70.7,179.0,-1,-1,-1,-1
209,17.0,442.1,386.4,88.4,97.0,-1,-1,-1,-1
209,16.0,769.6,272.0,73.7,159.3,-1,-1,-1,-1
209,15.0,693.2,355.9,96.3,172.8,-1,-1,-1,-1
209,14.0,374.0,368.8,80.9,115.5,-1,-1,-1,-1
209,11.0,187.4,280.1,34.1,157.7,-1,-1,-1,-1
209,9.0,268.2,439.9,52.9,190.5,-1,-1,-1,-1
209,8.0,428.9,214.6,42.3,178.1,-1,-1,-1,-1
209,7.0,513.0,341.9,56.2,175.9,-1,-1,-1,-1
209,5.0,629.6,308.0,96.6,162.5,-1,-1,-1,-1
209,3.0,965.2,321.3,62.3,160.6,-1,-1,-1,-1
209,2.0,845.8,290.4,77.9,143.6,-1,-1,-1,-1
209,1.0,910.3,346.8,71.5,178.7,-1,-1,-1,-1
210,17.0,442.1,387.6,86.8,96.2,-1,-1,-1,-1
210,16.0,772.0,273.8,74.6,160.4,-1,-1,-1,-1
210,15.0,702.9,357.1,91.2,175.3,-1,-1,-1,-1
210,14.0,371.8,367.4,82.4,117.1,-1,-1,-1,-1
210,9.0,262.9,439.5,57.6,188.3,-1,-1,-1,-1
210,8.0,423.0,215.9,48.1,176.2,-1,-1,-1,-1
210,7.0,514.8,340.9,55.4,183.0,-1,-1,-1,-1
210,5.0,635.3,307.7,92.6,163.5,-1,-1,-1,-1
210,3.0,965.0,320.5,58.4,161.8,-1,-1,-1,-1
210,2.0,847.3,295.3,77.9,139.1,-1,-1,-1,-1
210,1.0,909.1,345.9,73.4,177.6,-1,-1,-1,-1
211,17.0,441.9,388.3,86.3,96.3,-1,-1,-1,-1
211,16.0,774.4,274.1,74.9,161.3,-1,-1,-1,-1
211,15.0,713.0,360.1,85.2,174.0,-1,-1,-1,-1
211,14.0,370.4,365.9,82.9,119.2,-1,-1,-1,-1
211,9.0,258.0,439.4,61.8,188.3,-1,-1,-1,-1
211,8.0,415.8,225.9,55.5,165.9,-1,-1,-1,-1
211,7.0,516.4,339.8,54.8,181.6,-1,-1,-1,-1
211,5.0,647.4,307.4,84.4,164.1,-1,-1,-1,-1
211,3.0,965.7,319.8,53.3,162.7,-1,-1,-1,-1
211,2.0,852.3,299.1,73.7,139.4,-1,-1,-1,-1
211,1.0,910.1,345.0,72.8,174.7,-1,-1,-1,-1
212,17.0,442.7,388.8,86.6,96.0,-1,-1,-1,-1
212,16.0,776.5,275.1,76.1,160.3,-1,-1,-1,-1
212,15.0,729.6,362.3,73.5,171.9,-1,-1,-1,-1
212,14.0,369.4,362.8,85.1,123.3,-1,-1,-1,-1
212,9.0,254.1,439.7,65.0,187.9,-1,-1,-1,-1
212,8.0,411.4,238.5,59.7,152.9,-1,-1,-1,-1
212,7.0,518.4,339.0,53.7,182.1,-1,-1,-1,-1
212,5.0,657.3,306.5,77.6,165.2,-1,-1,-1,-1
212,3.0,966.1,318.9,48.4,164.3,-1,-1,-1,-1
212,2.0,856.0,303.2,71.4,139.5,-1,-1,-1,-1
212,1.0,911.5,344.2,71.1,172.2,-1,-1,-1,-1
213,17.0,443.2,390.5,86.0,94.6,-1,-1,-1,-1
213,16.0,779.3,274.6,75.9,161.3,-1,-1,-1,-1
213,15.0,748.4,363.3,58.7,171.7,-1,-1,-1,-1
213,14.0,368.9,360.0,86.1,124.8,-1,-1,-1,-1
213,11.0,182.3,280.2,44.0,158.3,-1,-1,-1,-1
213,9.0,245.9,440.3,72.4,188.0,-1,-1,-1,-1
213,8.0,410.4,238.6,60.6,152.8,-1,-1,-1,-1
213,7.0,519.7,338.5,53.7,182.2,-1,-1,-1,-1
213,5.0,667.8,306.0,69.1,166.3,-1,-1,-1,-1
213,3.0,966.6,318.4,47.3,165.4,-1,-1,-1,-1
213,2.0,857.7,306.7,71.7,135.6,-1,-1,-1,-1
213,1.0,912.2,342.6,69.2,170.6,-1,-1,-1,-1
214,17.0,443.3,391.9,86.1,93.5,-1,-1,-1,-1
214,16.0,781.7,274.2,76.5,161.4,-1,-1,-1,-1
214,15.0,754.4,362.0,58.0,172.1,-1,-1,-1,-1
214,14.0,368.3,356.6,89.0,127.8,-1,-1,-1,-1
214,11.0,182.4,280.1,45.3,158.3,-1,-1,-1,-1
214,9.0,233.1,440.7,84.6,188.3,-1,-1,-1,-1
214,8.0,411.6,238.7,59.3,152.1,-1,-1,-1,-1
214,7.0,521.5,337.3,57.2,185.6,-1,-1,-1,-1
214,5.0,676.2,305.6,64.4,167.3,-1,-1,-1,-1
214,3.0,968.0,317.9,45.2,165.9,-1,-1,-1,-1
214,2.0,858.7,310.1,73.7,133.5,-1,-1,-1,-1
214,1.0,912.1,341.4,68.0,170.8,-1,-1,-1,-1
215,17.0,442.2,392.5,87.2,92.9,-1,-1,-1,-1
215,16.0,785.0,273.7,76.7,160.9,-1,-1,-1,-1
215,15.0,755.4,359.0,60.2,174.3,-1,-1,-1,-1
215,14.0,367.1,352.4,89.2,132.1,-1,-1,-1,-1
215,11.0,182.1,280.1,46.2,158.3,-1,-1,-1,-1
215,9.0,222.1,442.1,94.8,187.6,-1,-1,-1,-1
215,8.0,406.1,238.6,64.5,152.2,-1,-1,-1,-1
215,7.0,523.0,336.1,59.6,188.2,-1,-1,-1,-1
215,5.0,676.2,305.9,67.2,167.4,-1,-1,-1,-1
215,3.0,968.2,317.7,44.4,166.3,-1,-1,-1,-1
215,2.0,860.0,312.1,77.1,136.8,-1,-1,-1,-1
215,1.0,911.0,339.7,67.0,171.9,-1,-1,-1,-1
216,17.0,442.5,393.1,87.5,92.5,-1,-1,-1,-1
216,16.0,787.5,274.4,78.9,154.3,-1,-1,-1,-1
216,15.0,757.2,355.9,68.4,177.1,-1,-1,-1,-1
216,14.0,366.7,348.7,87.9,135.6,-1,-1,-1,-1
216,11.0,181.7,279.7,46.9,158.7,-1,-1,-1,-1
216,9.0,214.2,442.5,101.6,187.8,-1,-1,-1,-1
216,8.0,408.2,238.5,62.2,152.0,-1,-1,-1,-1
216,7.0,524.1,335.3,60.8,188.9,-1,-1,-1,-1
216,5.0,676.7,306.4,68.7,166.8,-1,-1,-1,-1
216,3.0,965.2,317.4,46.4,166.6,-1,-1,-1,-1
216,2.0,861.3,311.6,82.1,137.2,-1,-1,-1,-1
216,1.0,912.5,337.7,63.0,173.9,-1,-1,-1,-1
217,17.0,441.1,393.3,89.6,92.6,-1,-1,-1,-1
217,16.0,789.7,275.5,81.8,159.2,-1,-1,-1,-1
217,15.0,760.2,354.2,77.8,178.2,-1,-1,-1,-1
217,14.0,367.1,344.5,87.0,139.2,-1,-1,-1,-1
217,11.0,181.7,280.2,50.5,157.9,-1,-1,-1,-1
217,9.0,211.8,443.3,103.6,187.8,-1,-1,-1,-1
217,8.0,411.1,237.8,59.0,152.8,-1,-1,-1,-1
217,7.0,526.0,335.6,61.1,187.0,-1,-1,-1,-1
217,5.0,677.4,307.1,71.5,166.2,-1,-1,-1,-1
217,3.0,962.2,317.4,48.3,166.1,-1,-1,-1,-1
217,2.0,862.7,310.0,84.2,138.6,-1,-1,-1,-1
217,1.0,920.0,336.1,54.3,175.1,-1,-1,-1,-1
218,17.0,439.7,393.1,90.2,93.1,-1,-1,-1,-1
218,16.0,792.6,277.0,84.6,158.7,-1,-1,-1,-1
218,15.0,766.3,352.6,86.8,179.2,-1,-1,-1,-1
218,14.0,368.2,341.1,84.3,139.6,-1,-1,-1,-1
218,11.0,179.2,280.1,57.6,157.8,-1,-1,-1,-1
218,9.0,209.1,443.2,104.2,188.7,-1,-1,-1,-1
218,8.0,414.7,236.6,55.1,153.3,-1,-1,-1,-1
218,7.0,527.5,334.2,58.8,187.1,-1,-1,-1,-1
218,5.0,677.7,308.0,85.8,165.7,-1,-1,-1,-1
218,3.0,955.8,316.7,54.4,167.1,-1,-1,-1,-1
218,2.0,867.5,307.8,86.3,140.8,-1,-1,-1,-1
218,1.0,914.2,335.0,60.0,176.7,-1,-1,-1,-1
219,17.0,439.1,392.6,90.9,92.9,-1,-1,-1,-1
219,16.0,794.7,278.4,88.2,160.6,-1,-1,-1,-1
219,15.0,768.8,352.2,96.0,177.9,-1,-1,-1,-1
219,14.0,371.0,338.2,80.7,139.8,-1,-1,-1,-1
219,11.0,179.8,280.0,61.2,157.9,-1,-1,-1,-1
219,9.0,207.0,443.1,104.4,190.3,-1,-1,-1,-1
219,8.0,417.2,234.9,51.8,153.4,-1,-1,-1,-1
219,7.0,529.2,332.3,56.3,186.2,-1,-1,-1,-1
219,5.0,678.2,308.5,95.0,165.4,-1,-1,-1,-1
219,3.0,950.5,315.3,61.1,168.2,-1,-1,-1,-1
219,2.0,877.5,305.0,80.5,143.5,-1,-1,-1,-1
219,1.0,919.1,332.9,55.4,178.7,-1,-1,-1,-1
220,17.0,439.2,391.6,90.9,93.0,-1,-1,-1,-1
220,16.0,797.9,280.5,89.7,162.4,-1,-1,-1,-1
220,15.0,776.8,353.2,100.5,171.1,-1,-1,-1,-1
220,14.0,375.3,333.9,75.5,142.2,-1,-1,-1,-1
220,11.0,178.7,279.5,66.8,159.2,-1,-1,-1,-1
220,9.0,206.1,442.1,102.4,190.4,-1,-1,-1,-1
220,8.0,418.4,233.7,50.7,151.5,-1,-1,-1,-1
220,7.0,531.1,330.1,55.0,187.3,-1,-1,-1,-1
220,5.0,679.7,308.5,98.4,165.0,-1,-1,-1,-1
220,3.0,944.8,314.1,68.2,168.7,-1,-1,-1,-1
220,2.0,884.6,301.3,78.4,146.3,-1,-1,-1,-1
220,1.0,917.2,332.2,58.3,178.8,-1,-1,-1,-1
221,17.0,439.0,391.0,93.1,93.3,-1,-1,-1,-1
221,16.0,801.4,284.2,93.4,159.9,-1,-1,-1,-1
221,15.0,787.5,357.0,101.3,165.7,-1,-1,-1,-1
221,14.0,380.0,329.9,71.2,145.2,-1,-1,-1,-1
221,11.0,178.7,279.4,71.1,158.9,-1,-1,-1,-1
221,9.0,205.7,440.1,98.9,192.9,-1,-1,-1,-1
221,7.0,533.8,327.2,57.6,188.5,-1,-1,-1,-1
221,5.0,682.3,308.1,97.6,165.7,-1,-1,-1,-1
221,3.0,942.2,312.9,73.9,169.7,-1,-1,-1,-1
221,2.0,887.1,298.7,82.1,149.4,-1,-1,-1,-1
221,1.0,918.0,330.2,59.2,180.7,-1,-1,-1,-1
222,17.0,440.7,390.3,91.8,93.0,-1,-1,-1,-1
222,16.0,805.4,285.3,96.8,159.1,-1,-1,-1,-1
222,15.0,799.5,357.8,77.3,162.4,-1,-1,-1,-1
222,14.0,385.7,326.7,65.6,147.6,-1,-1,-1,-1
222,11.0,178.6,278.8,74.6,158.7,-1,-1,-1,-1
222,9.0,206.0,438.4,89.8,194.3,-1,-1,-1,-1
222,7.0,536.8,325.1,57.4,188.8,-1,-1,-1,-1
222,5.0,686.6,306.8,97.1,167.1,-1,-1,-1,-1
222,3.0,940.8,311.8,77.9,170.6,-1,-1,-1,-1
222,2.0,888.0,295.1,84.2,152.4,-1,-1,-1,-1
222,1.0,919.8,329.0,58.3,181.6,-1,-1,-1,-1
223,17.0,440.5,390.1,91.5,93.1,-1,-1,-1,-1
223,16.0,808.6,285.5,98.7,162.3,-1,-1,-1,-1
223,15.0,811.1,358.7,94.4,160.4,-1,-1,-1,-1
223,14.0,391.9,325.4,57.8,148.8,-1,-1,-1,-1
223,11.0,177.8,278.8,75.6,159.9,-1,-1,-1,-1
223,9.0,204.8,438.1,81.7,194.7,-1,-1,-1,-1
223,7.0,536.5,323.1,61.0,189.8,-1,-1,-1,-1
223,5.0,692.8,306.0,93.0,168.1,-1,-1,-1,-1
223,3.0,938.9,307.7,81.6,175.2,-1,-1,-1,-1
223,2.0,888.0,292.9,84.5,153.4,-1,-1,-1,-1
223,1.0,913.5,329.1,64.6,181.5,-1,-1,-1,-1
224,17.0,439.7,390.2,91.9,93.4,-1,-1,-1,-1
224,16.0,811.4,286.9,102.7,162.9,-1,-1,-1,-1
224,15.0,815.4,358.5,91.2,161.2,-1,-1,-1,-1
224,14.0,396.1,323.8,51.9,150.9,-1,-1,-1,-1
224,11.0,176.2,278.5,76.1,162.3,-1,-1,-1,-1
224,9.0,200.6,437.2,74.2,196.5,-1,-1,-1,-1
224,7.0,535.7,321.1,61.0,184.6,-1,-1,-1,-1
224,5.0,699.4,305.1,87.7,169.0,-1,-1,-1,-1
224,3.0,940.1,307.9,81.6,175.5,-1,-1,-1,-1
224,2.0,886.7,291.6,86.5,154.2,-1,-1,-1,-1
224,1.0,912.7,328.4,66.9,182.4,-1,-1,-1,-1
225,17.0,438.6,390.2,92.1,93.9,-1,-1,-1,-1
225,16.0,813.3,289.0,101.8,160.2,-1,-1,-1,-1
225,15.0,817.5,355.9,93.5,164.3,-1,-1,-1,-1
225,14.0,396.0,322.5,50.6,152.6,-1,-1,-1,-1
225,11.0,175.3,278.6,74.7,163.9,-1,-1,-1,-1
225,7.0,535.0,319.7,65.9,183.3,-1,-1,-1,-1
225,5.0,709.6,304.0,83.5,170.3,-1,-1,-1,-1
225,3.0,941.3,306.8,79.9,176.2,-1,-1,-1,-1
225,2.0,886.3,291.4,87.6,156.5,-1,-1,-1,-1
225,1.0,912.1,328.6,68.2,182.1,-1,-1,-1,-1
226,17.0,438.6,389.5,91.8,94.9,-1,-1,-1,-1
226,16.0,815.8,291.4,106.0,155.3,-1,-1,-1,-1
226,15.0,821.4,352.9,91.8,167.4,-1,-1,-1,-1
226,14.0,395.9,322.2,50.4,153.0,-1,-1,-1,-1
226,11.0,174.5,278.0,74.3,165.5,-1,-1,-1,-1
226,7.0,535.1,318.1,67.0,184.5,-1,-1,-1,-1
226,5.0,720.3,303.2,78.2,171.6,-1,-1,-1,-1
226,3.0,945.3,304.6,75.0,178.4,-1,-1,-1,-1
226,2.0,883.9,292.9,88.9,162.3,-1,-1,-1,-1
226,1.0,925.4,328.3,54.0,181.9,-1,-1,-1,-1
